1	1.0E-5
10	1.6E-4
100	0.0
1000	0.0
1001	0.0
1002	0.0
1003	0.0
1004	0.0
1005	0.0
1006	0.0
1007	0.0
1008	0.0
1009	0.0
101	0.0
1010	0.0
1011	0.0
1012	0.0
1013	0.0
1014	0.0
1015	0.0
1016	0.0
1017	0.0
1018	0.0
1019	0.0
102	0.0
1020	1.7E-4
1021	3.0E-4
1022	0.0
1023	0.0
1024	0.0
1025	1.0E-5
1026	1.0E-5
1027	0.0
1028	0.0
1029	0.0
103	0.0
1030	0.0
1031	0.0
1032	0.0
1033	0.0
1034	5.0E-5
1035	0.0
1036	0.0
1037	0.0
1038	0.0
1039	1.7E-4
104	0.0
1040	1.7E-4
1041	1.7E-4
1042	1.7E-4
1043	1.7E-4
1044	1.7E-4
1045	1.7E-4
1046	1.7E-4
1047	1.7E-4
1048	1.7E-4
1049	1.7E-4
105	0.0
1050	1.7E-4
1051	1.7E-4
1052	1.7E-4
1053	1.7E-4
1054	1.7E-4
1055	1.7E-4
1056	1.7E-4
1057	1.7E-4
1058	1.7E-4
1059	1.7E-4
106	2.2E-4
1060	1.7E-4
1061	1.7E-4
1062	1.7E-4
1063	1.7E-4
1064	1.7E-4
1065	1.7E-4
1066	0.0
1067	0.0
1068	0.0
1069	0.0
107	8.0E-5
1070	0.0
1071	0.0
1072	0.0
1073	0.0
1074	0.0
1075	0.0
1076	0.0
1077	0.0
1078	0.0
1079	0.0
108	4.0E-5
1080	0.0
1081	0.0
1082	0.0
1083	0.0
1084	0.0
1085	0.0
1086	0.0
1087	0.0
1088	0.0
1089	0.0
109	4.0E-5
1090	0.0
1091	0.0
1092	0.0
1093	0.0
1094	0.0
1095	0.0
1096	0.0
1097	0.0
1098	0.0
1099	0.0
11	0.0
110	4.0E-5
1100	1.0E-5
1101	1.0E-5
1102	2.0E-5
1103	2.0E-5
1104	2.0E-5
1105	2.0E-5
1106	2.0E-5
1107	2.0E-5
1108	2.0E-5
1109	2.0E-5
111	1.4E-4
1110	2.0E-5
1111	2.0E-5
1112	2.0E-5
1113	2.0E-5
1114	2.0E-5
1115	2.0E-5
1116	2.0E-5
1117	2.0E-5
1118	2.0E-5
1119	2.0E-5
112	1.5E-4
1120	2.0E-5
1121	2.0E-5
1122	2.0E-5
1123	2.0E-5
1124	2.0E-5
1125	2.0E-5
1126	2.0E-5
1127	2.0E-5
1128	2.0E-5
1129	2.0E-5
113	6.0E-5
1130	2.0E-5
1131	2.0E-5
1132	2.0E-5
1133	2.0E-5
1134	2.0E-5
1135	2.0E-5
1136	2.0E-5
1137	2.0E-5
1138	2.0E-5
1139	2.0E-5
114	4.0E-5
1140	2.0E-5
1141	2.0E-5
1142	2.0E-5
1143	2.0E-5
1144	2.0E-5
1145	2.0E-5
1146	2.0E-5
1147	2.0E-5
1148	2.0E-5
1149	2.0E-5
115	7.0E-5
1150	2.0E-5
1151	2.0E-5
1152	2.0E-5
1153	2.0E-5
1154	2.0E-5
1155	2.0E-5
1156	2.0E-5
1157	2.0E-5
1158	2.0E-5
1159	0.0
116	1.2E-4
1160	0.0
1161	0.0
1162	0.0
1163	0.0
1164	0.0
1165	0.0
1166	0.0
1167	0.0
1168	0.0
1169	0.0
117	5.0E-5
1170	0.0
1171	0.0
1172	0.0
1173	0.0
1174	0.0
1175	0.0
1176	0.0
1177	0.0
1178	0.0
1179	0.0
118	1.2E-4
1180	0.0
1181	0.0
1182	0.0
1183	0.0
1184	0.0
1185	0.0
1186	0.0
1187	0.0
1188	0.0
1189	0.0
119	2.9E-4
1190	0.0
1191	0.0
1192	0.0
1193	0.0
1194	0.0
1195	0.0
1196	0.0
1197	0.0
1198	0.0
1199	2.0E-5
12	0.0
120	1.3E-4
1200	0.0
1201	0.0
1202	0.0
1203	0.0
1204	0.0
1205	0.0
1206	0.0
1207	0.0
1208	0.0
1209	0.0
121	1.2E-4
1210	0.0
1211	0.0
1212	0.0
1213	0.0
1214	0.0
1215	4.0E-5
1216	6.0E-5
1217	4.0E-5
1218	4.0E-5
1219	0.0
122	1.3E-4
1220	0.0
1221	0.0
1222	0.0
1223	0.0
1224	0.0
1225	0.0
1226	0.0
1227	0.0
1228	0.0
1229	0.0
123	2.1E-4
1230	0.0
1231	0.0
1232	0.0
1233	0.0
1234	0.0
1235	0.0
1236	0.0
1237	0.0
1238	0.0
1239	0.0
124	1.7E-4
1240	0.0
1241	0.0
1242	0.0
1243	0.0
1244	0.0
1245	0.0
1246	0.0
1247	0.0
1248	0.0
1249	0.0
125	1.7E-4
1250	0.0
1251	0.0
1252	0.0
1253	0.0
1254	0.0
1255	0.0
1256	0.0
1257	0.0
1258	0.0
1259	0.0
126	1.7E-4
1260	0.0
1261	0.0
1262	0.0
1263	0.0
1264	0.0
1265	0.0
1266	0.0
1267	0.0
1268	0.0
1269	0.0
127	5.0E-5
1270	0.0
1271	0.0
1272	0.0
1273	0.0
1274	0.0
1275	0.0
1276	0.0
1277	0.0
1278	0.0
1279	0.0
128	5.0E-5
1280	0.0
1281	0.0
1282	0.0
1283	0.0
1284	0.0
1285	0.0
1286	0.0
1287	0.0
1288	0.0
1289	0.0
129	5.0E-5
1290	0.0
1291	0.0
1292	0.0
1293	1.0E-5
1294	1.0E-5
1295	0.0
1296	0.0
1297	0.0
1298	0.0
1299	0.0
13	0.0
130	5.0E-5
1300	0.0
1301	0.0
1302	0.0
1303	0.0
1304	0.0
1305	0.0
1306	0.0
1307	0.0
1308	0.0
1309	0.0
131	4.0E-5
1310	0.0
1311	0.0
1312	0.0
1313	0.0
1314	0.0
1315	0.0
1316	0.0
1317	0.0
1318	0.0
1319	0.0
132	5.0E-4
1320	0.0
1321	0.0
1322	0.0
1323	0.0
1324	0.0
1325	0.0
1326	0.0
1327	0.0
1328	0.0
1329	0.0
133	2.0E-5
1330	0.0
1331	0.0
1332	0.0
1333	0.0
1334	0.0
1335	0.0
1336	0.0
1337	0.0
1338	0.0
1339	0.0
134	2.0E-5
1340	0.0
1341	0.0
1342	0.0
1343	0.0
1344	0.0
1345	0.0
1346	0.0
1347	0.0
1348	0.0
1349	0.0
135	2.0E-5
1350	0.0
1351	0.0
1352	0.0
1353	0.0
1354	0.0
1355	0.0
1356	0.0
1357	0.0
1358	0.0
1359	0.0
136	2.0E-5
1360	0.0
1361	0.0
1362	0.0
1363	1.0E-5
1364	1.0E-5
1365	0.0
1366	0.0
1367	0.0
1368	0.0
1369	0.0
137	2.0E-5
1370	1.4E-4
1371	1.0E-5
1372	0.0
1373	0.0
1374	1.0E-5
1375	0.0
1376	0.0
1377	0.0
1378	0.0
1379	2.3E-4
138	4.0E-5
1380	0.0
1381	0.0
1382	0.0
1383	0.0
1384	0.0
1385	0.0
1386	0.0
1387	0.0
1388	0.0
1389	0.0
139	1.0E-5
1390	0.0
1391	0.0
1392	0.0
1393	0.0
1394	0.0
1395	0.0
1396	0.0
1397	0.0
1398	0.0
1399	0.0
14	5.0E-5
140	1.0E-5
1400	0.0
1401	0.0
1402	0.0
1403	0.0
1404	0.0
1405	0.0
1406	0.0
1407	0.0
1408	1.0E-5
1409	1.0E-5
141	1.0E-5
1410	1.0E-5
1411	1.0E-5
1412	1.0E-5
1413	1.0E-5
1414	1.0E-5
1415	1.0E-5
1416	1.0E-5
1417	1.0E-5
1418	1.0E-5
1419	1.0E-5
142	2.0E-5
1420	1.0E-5
1421	1.0E-5
1422	1.0E-5
1423	1.0E-5
1424	1.0E-5
1425	1.0E-5
1426	1.0E-5
1427	1.0E-5
1428	1.0E-5
1429	1.0E-5
143	3.0E-5
1430	1.0E-5
1431	1.0E-5
1432	1.0E-5
1433	0.0
1434	0.0
1435	0.0
1436	0.0
1437	0.0
1438	0.0
1439	0.0
144	1.0E-5
1440	0.0
1441	0.0
1442	0.0
1443	6.0E-5
1444	0.0
1445	0.0
1446	0.0
1447	0.0
1448	0.0
1449	0.0
145	6.0E-5
1450	0.0
1451	0.0
1452	0.0
1453	0.0
1454	0.0
1455	0.0
1456	0.0
1457	0.0
1458	0.0
1459	0.0
146	1.0E-5
1460	0.0
1461	0.0
1462	0.0
1463	0.0
1464	0.0
1465	0.0
1466	0.0
1467	4.1E-4
1468	0.0
1469	0.0
147	1.0E-5
1470	0.0
1471	0.0
1472	0.0
1473	0.0
1474	0.0
1475	0.0
1476	0.0
1477	0.0
1478	0.0
1479	0.0
148	2.0E-5
1480	0.0
1481	0.0
1482	0.0
1483	0.0
1484	0.0
1485	0.0
1486	0.0
1487	0.0
1488	0.0
1489	0.0
149	1.0E-5
1490	0.0
1491	0.0
1492	0.0
1493	0.0
1494	0.0
1495	0.0
1496	0.0
1497	0.0
1498	0.0
1499	0.0
15	0.0
150	1.0E-5
1500	0.0
1501	0.0
1502	0.0
1503	0.0
1504	0.0
1505	0.0
1506	0.0
1507	0.0
1508	0.0
1509	0.0
151	2.0E-5
1510	0.0
1511	0.0
1512	0.0
1513	0.0
1514	0.0
1515	0.0
1516	0.0
1517	0.0
1518	0.0
1519	0.0
152	1.0E-5
1520	0.0
1521	0.0
1522	0.0
1523	0.0
1524	0.0
1525	0.0
1526	0.0
1527	0.0
1528	0.0
1529	0.0
153	2.0E-5
1530	0.0
1531	0.0
1532	0.0
1533	1.0E-5
1534	0.0
1535	0.0
1536	0.0
1537	0.0
1538	6.0E-5
1539	1.1E-4
154	0.0
1540	1.5E-4
1541	1.4E-4
1542	6.0E-5
1543	0.0
1544	0.0
1545	0.0
1546	0.0
1547	0.0
1548	0.0
1549	0.0
155	3.0E-5
1550	0.0
1551	0.0
1552	0.0
1553	0.0
1554	0.0
1555	0.0
1556	0.0
1557	0.0
1558	0.0
1559	0.0
156	1.0E-5
1560	0.0
1561	0.0
1562	0.0
1563	0.0
1564	0.0
1565	0.0
1566	0.0
1567	0.0
1568	0.0
1569	0.0
157	3.0E-5
1570	0.0
1571	0.0
1572	0.0
1573	0.0
1574	0.0
1575	0.0
1576	0.0
1577	0.0
1578	0.0
1579	0.0
158	3.0E-5
1580	0.0
1581	0.0
1582	0.0
1583	0.0
1584	0.0
1585	0.0
1586	0.0
1587	0.0
1588	0.0
1589	0.0
159	3.0E-5
1590	0.0
1591	0.0
1592	0.0
1593	0.0
1594	0.0
1595	0.0
1596	0.0
1597	0.0
1598	0.0
1599	0.0
16	2.0E-4
160	3.0E-5
1600	0.0
1601	0.0
1602	0.0
1603	0.0
1604	0.0
1605	0.0
1606	0.0
1607	0.0
1608	2.0E-5
1609	2.0E-5
161	3.0E-5
1610	2.0E-5
1611	2.0E-5
1612	2.0E-5
1613	2.0E-5
1614	0.0
1615	0.0
1616	0.0
1617	0.0
1618	0.0
1619	0.0
162	3.0E-5
1620	2.0E-5
1621	2.0E-5
1622	2.0E-5
1623	2.0E-5
1624	2.0E-5
1625	2.0E-5
1626	0.0
1627	0.0
1628	0.0
1629	0.0
163	3.0E-5
1630	0.0
1631	0.0
1632	0.0
1633	0.0
1634	0.0
1635	0.0
1636	0.0
1637	0.0
1638	0.0
1639	0.0
164	3.0E-5
1640	0.0
1641	0.0
1642	0.0
1643	0.0
1644	0.0
1645	0.0
1646	0.0
1647	0.0
1648	0.0
1649	0.0
165	3.0E-5
1650	0.0
1651	0.0
1652	0.0
1653	0.0
1654	0.0
1655	0.0
1656	0.0
1657	0.0
1658	0.0
1659	0.0
166	3.0E-5
1660	0.0
1661	0.0
1662	0.0
1663	0.0
1664	0.0
1665	4.0E-5
1666	6.0E-5
1667	4.0E-5
1668	4.0E-5
1669	0.0
167	3.0E-5
1670	0.0
1671	1.0E-5
1672	0.0
1673	0.0
1674	0.0
1675	0.0
1676	0.0
1677	0.0
1678	5.4E-4
1679	0.0
168	3.0E-5
1680	0.0
1681	0.0
1682	0.0
1683	0.0
1684	0.0
1685	0.0
1686	0.0
1687	0.0
1688	0.0
1689	0.0
169	3.0E-5
1690	0.0
1691	0.0
1692	0.0
1693	0.0
1694	0.0
1695	0.0
1696	0.0
1697	0.0
1698	0.0
1699	0.0
17	0.0
170	3.0E-5
1700	0.0
1701	0.0
1702	0.0
1703	0.0
1704	0.0
1705	0.0
1706	0.0
1707	0.0
1708	0.0
1709	0.0
171	3.0E-5
1710	0.0
1711	0.0
1712	0.0
1713	0.0
1714	0.0
1715	0.0
1716	0.0
1717	0.0
1718	0.0
1719	0.0
172	3.0E-5
1720	0.0
1721	0.0
1722	0.0
1723	0.0
1724	0.0
1725	0.0
1726	0.0
1727	0.0
1728	0.0
1729	0.0
173	2.0E-5
1730	0.0
1731	0.0
1732	0.0
1733	0.0
1734	0.0
1735	0.0
1736	0.0
1737	0.0
1738	0.0
1739	0.0
174	2.0E-5
1740	0.0
1741	0.0
1742	0.0
1743	0.0
1744	0.0
1745	0.0
1746	0.0
1747	0.0
1748	0.0
1749	0.0
175	3.0E-5
1750	0.0
1751	0.0
1752	0.0
1753	0.0
1754	0.0
1755	0.0
1756	0.0
1757	0.0
1758	0.0
1759	0.0
176	3.0E-5
1760	0.0
1761	0.0
1762	0.0
1763	0.0
1764	0.0
1765	0.0
1766	0.0
1767	0.0
1768	0.0
1769	0.0
177	2.0E-5
1770	0.0
1771	0.0
1772	0.0
1773	0.0
1774	0.0
1775	0.0
1776	0.0
1777	0.0
1778	0.0
1779	0.0
178	1.0E-5
1780	0.0
1781	0.0
1782	0.0
1783	0.0
1784	0.0
1785	0.0
1786	0.0
1787	0.0
1788	0.0
1789	0.0
179	1.0E-5
1790	0.0
1791	0.0
1792	0.0
1793	0.0
1794	0.0
1795	0.0
1796	0.0
1797	0.0
1798	0.0
1799	0.0
18	4.0E-5
180	1.0E-5
1800	0.0
1801	0.0
1802	0.0
1803	0.0
1804	0.0
1805	0.0
1806	0.0
1807	0.0
1808	0.0
1809	0.0
181	1.0E-5
1810	0.0
1811	0.0
1812	0.0
1813	0.0
1814	0.0
1815	0.0
1816	0.0
1817	0.0
1818	0.0
1819	0.0
182	1.0E-5
1820	0.0
1821	0.0
1822	0.0
1823	0.0
1824	0.0
1825	0.0
1826	0.0
1827	0.0
1828	0.0
1829	0.0
183	1.0E-5
1830	0.0
1831	0.0
1832	0.0
1833	0.0
1834	0.0
1835	0.0
1836	0.0
1837	0.0
1838	0.0
1839	0.0
184	1.0E-5
1840	0.0
1841	0.0
1842	0.0
1843	0.0
1844	0.0
1845	0.0
1846	0.0
1847	0.0
1848	0.0
1849	0.0
185	1.0E-5
1850	0.0
1851	0.0
1852	0.0
1853	0.0
1854	0.0
1855	0.0
1856	0.0
1857	0.0
1858	0.0
1859	0.0
186	1.0E-5
1860	0.0
1861	0.0
1862	0.0
1863	0.0
1864	0.0
1865	0.0
1866	0.0
1867	0.0
1868	0.0
1869	0.0
187	1.0E-5
1870	0.0
1871	5.0E-5
1872	1.8E-4
1873	2.0E-4
1874	5.0E-5
1875	2.4E-4
1876	1.6E-4
1877	2.4E-4
1878	2.4E-4
1879	1.0E-5
188	1.0E-5
1880	1.0E-5
1881	1.0E-5
1882	1.0E-5
1883	2.1E-4
1884	5.0E-5
1885	5.0E-5
1886	5.0E-5
1887	5.0E-5
1888	5.0E-5
1889	5.0E-5
189	1.0E-5
1890	5.0E-5
1891	5.0E-5
1892	5.0E-5
1893	5.0E-5
1894	5.0E-5
1895	5.0E-5
1896	0.0
1897	0.0
1898	0.0
1899	0.0
19	1.0E-5
190	0.0
1900	0.0
1901	0.0
1902	0.0
1903	0.0
1904	0.0
1905	0.0
1906	0.0
1907	0.0
1908	0.0
1909	0.0
191	0.0
1910	0.0
1911	0.0
1912	0.0
1913	0.0
1914	0.0
1915	0.0
1916	0.0
1917	0.0
1918	0.0
1919	0.0
192	2.0E-5
1920	0.0
1921	0.0
1922	0.0
1923	0.0
1924	0.0
1925	0.0
1926	0.0
1927	0.0
1928	0.0
1929	0.0
193	1.4E-4
1930	0.0
1931	0.0
1932	0.0
1933	0.0
1934	0.0
1935	0.0
1936	0.0
1937	0.0
1938	0.0
1939	0.0
194	6.0E-5
1940	0.0
1941	0.0
1942	0.0
1943	0.0
1944	0.0
1945	0.0
1946	0.0
1947	0.0
1948	0.0
1949	0.0
195	8.0E-5
1950	0.0
1951	0.0
1952	0.0
1953	0.0
1954	0.0
1955	0.0
1956	0.0
1957	0.0
1958	0.0
1959	0.0
196	8.0E-5
1960	0.0
1961	0.0
1962	0.0
1963	0.0
1964	0.0
1965	0.0
1966	0.0
1967	0.0
1968	0.0
1969	0.0
197	5.0E-5
1970	0.0
1971	0.0
1972	0.0
1973	0.0
1974	0.0
1975	0.0
1976	0.0
1977	0.0
1978	0.0
1979	0.0
198	7.0E-5
1980	0.0
1981	0.0
1982	0.0
1983	0.0
1984	0.0
1985	0.0
1986	0.0
1987	0.0
1988	0.0
1989	0.0
199	8.0E-5
1990	0.0
1991	0.0
1992	0.0
1993	0.0
1994	0.0
1995	1.7E-4
1996	0.0
1997	0.0
1998	0.0
1999	0.0
2	0.00204
20	0.0
200	8.0E-5
2000	0.0
2001	0.0
2002	0.0
2003	0.0
2004	0.0
2005	0.0
2006	0.0
2007	0.0
2008	0.0
2009	0.0
201	1.5E-4
2010	0.0
2011	0.0
2012	0.0
2013	0.0
2014	0.0
2015	0.0
2016	0.0
2017	0.0
2018	0.0
2019	0.0
202	1.6E-4
2020	0.0
2021	0.0
2022	0.0
2023	0.0
2024	0.0
2025	0.0
2026	0.0
2027	0.0
2028	0.0
2029	0.0
203	5.0E-5
2030	0.0
2031	0.0
2032	0.0
2033	0.0
2034	0.0
2035	0.0
2036	0.0
2037	0.0
2038	0.0
2039	0.0
204	7.0E-5
2040	0.0
2041	0.0
2042	0.0
2043	0.0
2044	0.0
2045	0.0
2046	0.0
2047	0.0
2048	0.0
2049	0.0
205	6.0E-5
2050	0.0
2051	0.0
2052	0.0
2053	0.0
2054	0.0
2055	0.0
2056	0.0
2057	0.0
2058	0.0
2059	0.0
206	5.0E-5
2060	0.0
2061	0.0
2062	0.0
2063	0.0
2064	0.0
2065	0.0
2066	0.0
2067	0.0
2068	0.0
2069	0.0
207	0.0
2070	0.0
2071	0.0
2072	0.0
2073	0.0
2074	0.0
2075	0.0
2076	0.0
2077	0.0
2078	0.0
2079	0.0
208	0.0
2080	0.0
2081	0.0
2082	0.0
2083	0.0
2084	0.0
2085	0.0
2086	0.0
2087	0.0
2088	0.0
2089	0.0
209	0.0
2090	0.0
2091	0.0
2092	0.0
2093	0.0
2094	0.0
2095	0.0
2096	0.0
2097	0.0
2098	0.0
2099	0.0
21	1.0E-5
210	0.0
2100	5.4E-4
2101	0.0
2102	0.0
2103	2.0E-5
2104	0.0
2105	0.0
2106	0.0
2107	0.0
2108	0.0
2109	0.0
211	2.0E-5
2110	0.0
2111	0.0
2112	0.0
2113	0.0
2114	0.0
2115	0.0
2116	0.0
2117	0.0
2118	0.0
2119	0.0
212	8.0E-5
2120	0.0
2121	0.0
2122	0.0
2123	0.0
2124	0.0
2125	0.0
2126	0.0
2127	0.0
2128	1.0E-5
2129	0.0
213	9.0E-5
2130	0.0
2131	0.0
2132	0.0
2133	0.0
2134	0.0
2135	0.0
2136	0.0
2137	1.0E-5
2138	1.0E-5
2139	1.0E-5
214	9.0E-5
2140	1.0E-5
2141	1.0E-5
2142	1.0E-5
2143	1.0E-5
2144	8.0E-5
2145	1.0E-4
2146	8.0E-5
2147	8.0E-5
2148	8.0E-5
2149	0.0
215	8.0E-5
2150	0.0
2151	0.0
2152	0.0
2153	0.0
2154	0.0
2155	0.0
2156	0.0
2157	0.0
2158	0.0
2159	0.0
216	9.0E-5
2160	0.0
2161	0.0
2162	0.0
2163	0.0
2164	0.0
2165	0.0
2166	0.0
2167	0.0
2168	0.0
2169	0.0
217	9.0E-5
2170	0.0
2171	1.0E-5
2172	1.0E-4
2173	0.0
2174	0.0
2175	0.0
2176	0.0
2177	0.0
2178	0.0
2179	0.0
218	6.0E-5
2180	0.0
2181	0.0
2182	0.0
2183	0.0
2184	0.0
2185	0.0
2186	0.0
2187	0.0
2188	0.0
2189	0.0
219	2.0E-5
2190	0.0
2191	0.0
2192	0.0
2193	1.7E-4
2194	1.7E-4
2195	1.7E-4
2196	1.7E-4
2197	1.7E-4
2198	1.6E-4
2199	3.0E-5
22	0.0
220	2.0E-5
2200	3.0E-5
2201	3.0E-5
2202	3.0E-5
2203	3.0E-5
2204	3.0E-5
2205	3.0E-5
2206	3.0E-5
2207	3.0E-5
2208	3.0E-5
2209	0.0
221	0.0
2210	0.0
2211	0.0
2212	0.0
2213	0.0
2214	0.0
2215	0.0
2216	0.0
2217	0.0
2218	0.0
2219	0.0
222	0.0
2220	0.0
2221	0.0
2222	0.0
2223	0.0
2224	0.0
2225	0.0
2226	0.0
2227	0.0
2228	0.0
2229	0.0
223	0.0
2230	0.0
2231	0.0
2232	0.0
2233	0.0
2234	0.0
2235	0.0
2236	0.0
2237	0.0
2238	0.0
2239	0.0
224	1.4E-4
2240	0.0
2241	0.0
2242	0.0
2243	0.0
2244	0.0
2245	0.0
2246	0.0
2247	0.0
2248	0.0
2249	0.0
225	0.0
2250	0.0
2251	0.0
2252	0.0
2253	0.0
2254	0.0
2255	0.0
2256	0.0
2257	0.0
2258	0.0
2259	0.0
226	0.0
2260	0.0
2261	0.0
2262	0.0
2263	0.0
2264	0.0
2265	0.0
2266	0.0
2267	0.0
2268	0.0
2269	0.0
227	0.0
2270	0.0
2271	0.0
2272	0.0
2273	0.0
2274	0.0
2275	0.0
2276	0.0
2277	0.0
2278	0.0
2279	0.0
228	0.0
2280	0.0
2281	0.0
2282	0.0
2283	0.0
2284	0.0
2285	0.0
2286	0.0
2287	0.0
2288	0.0
2289	0.0
229	0.0
2290	0.0
2291	0.0
2292	0.0
2293	0.0
2294	0.0
2295	0.0
2296	0.0
2297	0.0
2298	0.0
2299	0.0
23	1.0E-5
230	0.0
2300	0.0
2301	0.0
2302	0.0
2303	0.0
2304	0.0
2305	0.0
2306	0.0
2307	0.0
2308	0.0
2309	0.0
231	2.0E-5
2310	0.0
2311	0.0
2312	0.0
2313	0.0
2314	0.0
2315	0.0
2316	0.0
2317	0.0
2318	0.0
2319	0.0
232	1.0E-5
2320	0.0
2321	0.0
2322	0.0
2323	0.0
2324	0.0
2325	0.0
2326	0.0
2327	0.0
2328	0.0
2329	0.0
233	1.0E-5
2330	0.0
2331	0.0
2332	0.0
2333	0.0
2334	0.0
2335	0.0
2336	0.0
2337	0.0
2338	0.0
2339	0.0
234	1.0E-5
2340	0.0
2341	0.0
2342	0.0
2343	0.0
2344	0.0
2345	0.0
2346	0.0
2347	0.0
2348	0.0
2349	0.0
235	2.0E-5
2350	0.0
2351	0.0
2352	0.0
2353	0.0
2354	0.0
2355	0.0
2356	0.0
2357	0.0
2358	0.0
2359	0.0
236	2.0E-5
2360	0.0
2361	0.0
2362	0.0
2363	2.0E-5
2364	0.0
2365	0.0
2366	0.0
2367	0.0
2368	0.0
2369	0.0
237	1.0E-5
2370	0.0
2371	0.0
2372	0.0
2373	0.0
2374	0.0
2375	0.0
2376	0.0
2377	0.0
2378	0.0
2379	0.0
238	1.0E-5
2380	0.0
2381	0.0
2382	0.0
2383	0.0
2384	0.0
2385	0.0
2386	0.0
2387	0.0
2388	0.0
2389	0.0
239	1.0E-5
2390	0.0
2391	0.0
2392	0.0
2393	0.0
2394	0.0
2395	0.0
2396	0.0
2397	0.0
2398	0.0
2399	0.0
24	0.0
240	2.0E-5
2400	0.0
2401	0.0
2402	0.0
2403	0.0
2404	0.0
2405	0.0
2406	0.0
2407	0.0
2408	0.0
2409	0.0
241	1.0E-5
2410	0.0
2411	0.0
2412	0.0
2413	0.0
2414	0.0
2415	0.0
2416	0.0
2417	0.0
2418	0.0
2419	0.0
242	2.0E-5
2420	0.0
2421	0.0
2422	0.0
2423	0.0
2424	0.0
2425	0.0
2426	0.0
2427	0.0
2428	0.0
2429	0.0
243	1.0E-5
2430	0.0
2431	0.0
2432	0.0
2433	0.0
2434	0.0
2435	0.0
2436	0.0
2437	0.0
2438	0.0
2439	0.0
244	2.0E-5
2440	0.0
2441	0.0
2442	0.0
2443	0.0
2444	0.0
2445	0.0
2446	0.0
2447	0.0
2448	0.0
2449	0.0
245	2.0E-5
2450	0.0
2451	0.0
2452	0.0
2453	0.0
2454	0.0
2455	0.0
2456	0.0
2457	0.0
2458	0.0
2459	0.0
246	2.0E-5
2460	0.0
2461	0.0
2462	0.0
2463	0.0
2464	0.0
2465	0.0
2466	0.0
2467	0.0
2468	0.0
2469	0.0
247	1.0E-5
2470	0.0
2471	0.0
2472	0.0
2473	0.0
2474	0.0
2475	0.0
2476	0.0
2477	0.0
2478	0.0
2479	0.0
248	3.0E-5
2480	0.0
2481	0.0
2482	0.0
2483	0.0
2484	0.0
2485	0.0
2486	0.0
2487	0.0
2488	0.0
2489	0.0
249	8.0E-5
2490	0.0
2491	0.0
2492	0.0
2493	0.0
2494	0.0
2495	0.0
2496	0.0
2497	0.0
2498	0.0
2499	0.0
25	0.0
250	2.0E-5
2500	0.0
2501	0.0
2502	0.0
2503	0.0
2504	0.0
2505	0.0
2506	0.0
2507	0.0
2508	0.0
2509	0.0
251	2.0E-5
2510	0.0
2511	0.0
2512	0.0
2513	0.0
2514	0.0
2515	0.0
2516	0.0
2517	0.0
2518	0.0
2519	0.0
252	5.0E-5
2520	0.0
2521	0.0
2522	0.0
2523	0.0
2524	0.0
2525	0.0
2526	0.0
2527	0.0
2528	0.0
2529	0.0
253	1.0E-5
2530	0.0
2531	0.0
2532	0.0
2533	0.0
2534	0.0
2535	0.0
2536	2.0E-5
2537	4.0E-5
2538	4.0E-5
2539	2.0E-5
254	3.0E-5
2540	0.0
2541	0.0
2542	0.0
2543	0.0
2544	0.0
2545	0.0
2546	0.0
2547	0.0
2548	0.0
2549	0.0
255	3.0E-5
2550	0.0
2551	1.1E-4
2552	1.1E-4
2553	1.1E-4
2554	1.1E-4
2555	0.0
2556	0.0
2557	0.0
2558	0.0
2559	0.0
256	3.0E-5
2560	0.0
2561	0.0
2562	0.0
2563	0.0
2564	0.0
2565	0.0
2566	0.0
2567	0.0
2568	0.0
2569	0.0
257	4.0E-5
2570	0.0
2571	0.0
2572	0.0
2573	0.0
2574	0.0
2575	0.0
2576	0.0
2577	0.0
2578	0.0
2579	0.0
258	8.0E-5
2580	0.0
2581	0.0
2582	0.0
2583	0.0
2584	0.0
2585	0.0
2586	0.0
2587	0.0
2588	0.0
2589	0.0
259	8.0E-5
2590	0.0
2591	0.0
2592	0.0
2593	0.0
2594	0.0
2595	0.0
2596	0.0
2597	0.0
2598	0.0
2599	0.0
26	9.0E-5
260	8.0E-5
2600	0.0
2601	0.0
2602	0.0
2603	0.0
2604	0.0
2605	0.0
2606	0.0
2607	0.0
2608	0.0
2609	0.0
261	1.0E-5
2610	0.0
2611	0.0
2612	0.0
2613	0.0
2614	0.0
2615	0.0
2616	0.0
2617	0.0
2618	0.0
2619	0.0
262	1.0E-5
2620	0.0
2621	0.0
2622	0.0
2623	0.0
2624	0.0
2625	0.0
2626	0.0
2627	0.0
2628	0.0
2629	0.0
263	1.0E-5
2630	0.0
2631	0.0
2632	0.0
2633	0.0
2634	0.0
2635	0.0
2636	0.0
2637	0.0
2638	0.0
2639	0.0
264	1.0E-5
2640	0.0
2641	0.0
2642	0.0
2643	0.0
2644	0.0
2645	0.0
2646	0.0
2647	0.0
2648	0.0
2649	0.0
265	1.0E-5
2650	0.0
2651	0.0
2652	0.0
2653	0.0
2654	0.0
2655	0.0
2656	0.0
2657	0.0
2658	0.0
2659	0.0
266	1.0E-5
2660	0.0
2661	0.0
2662	0.0
2663	0.0
2664	0.0
2665	0.0
2666	0.0
2667	0.0
2668	0.0
2669	0.0
267	1.0E-5
2670	0.0
2671	1.8E-4
2672	1.8E-4
2673	1.8E-4
2674	1.8E-4
2675	1.8E-4
2676	0.0
2677	0.0
2678	0.0
2679	0.0
268	1.0E-5
2680	0.0
2681	0.0
2682	0.0
2683	0.0
2684	0.0
2685	0.0
2686	0.0
2687	0.0
2688	0.0
2689	0.0
269	1.0E-5
2690	0.0
2691	0.0
2692	0.0
2693	0.0
2694	0.0
2695	0.0
2696	0.0
2697	0.0
2698	0.0
2699	0.0
27	0.00109
270	1.0E-5
2700	0.0
2701	0.0
2702	0.0
2703	0.0
2704	0.0
2705	0.0
2706	0.0
2707	0.0
2708	0.0
2709	0.0
271	1.0E-5
2710	0.0
2711	0.0
2712	0.0
2713	0.0
2714	0.0
2715	0.0
2716	0.0
2717	0.0
2718	0.0
2719	0.0
272	1.0E-5
2720	0.0
2721	0.0
2722	0.0
2723	0.0
2724	0.0
2725	0.0
2726	0.0
2727	0.0
2728	0.0
2729	0.0
273	1.0E-5
2730	0.0
2731	0.0
2732	0.0
2733	0.0
2734	0.0
2735	2.0E-5
2736	0.0
2737	0.0
2738	0.0
2739	0.0
274	1.0E-5
2740	0.0
2741	0.0
2742	0.0
2743	0.0
2744	0.0
2745	0.0
2746	0.0
2747	0.0
2748	0.0
2749	0.0
275	1.0E-5
2750	0.0
2751	0.0
2752	0.0
2753	1.0E-5
2754	0.0
2755	0.0
2756	0.0
2757	0.0
2758	0.0
2759	0.0
276	1.0E-5
2760	0.0
2761	0.0
2762	0.0
2763	0.0
2764	0.0
2765	0.0
2766	0.0
2767	0.0
2768	0.0
2769	0.0
277	1.0E-5
2770	0.0
2771	5.0E-5
2772	5.0E-5
2773	5.0E-5
2774	5.0E-5
2775	5.0E-5
2776	5.0E-5
2777	5.0E-5
2778	5.0E-5
2779	5.0E-5
278	1.0E-5
2780	5.0E-5
2781	5.0E-5
2782	5.0E-5
2783	0.0
2784	0.0
2785	0.0
2786	0.0
2787	0.0
2788	0.0
2789	0.0
279	1.0E-5
2790	0.0
2791	0.0
2792	0.0
2793	0.0
2794	0.0
2795	0.0
2796	0.0
2797	0.0
2798	0.0
2799	0.0
28	8.5E-4
280	5.0E-5
2800	0.0
2801	0.0
2802	0.0
2803	0.0
2804	0.0
2805	0.0
2806	0.0
2807	0.0
2808	0.0
2809	0.0
281	1.0E-5
2810	0.0
2811	0.0
2812	0.0
2813	0.0
2814	0.0
2815	0.0
2816	0.0
2817	0.0
2818	0.0
2819	0.0
282	1.0E-5
2820	0.0
2821	0.0
2822	0.0
2823	0.0
2824	0.0
2825	0.0
2826	0.0
2827	0.0
2828	0.0
2829	0.0
283	1.0E-5
2830	0.0
2831	0.0
2832	0.0
2833	0.0
2834	0.0
2835	0.0
2836	0.0
2837	0.0
2838	0.0
2839	0.0
284	1.0E-5
2840	0.0
2841	0.0
2842	0.0
2843	0.0
2844	0.0
2845	0.0
2846	0.0
2847	0.0
2848	0.0
2849	0.0
285	1.0E-5
2850	0.0
2851	0.0
2852	0.0
2853	0.0
2854	0.0
2855	0.0
2856	0.0
2857	0.0
2858	0.0
2859	0.0
286	1.0E-5
2860	0.0
2861	0.0
2862	0.0
2863	0.0
2864	0.0
2865	0.0
2866	0.0
2867	0.0
2868	0.0
2869	0.0
287	1.0E-5
2870	0.0
2871	0.0
2872	0.0
2873	0.0
2874	0.0
2875	0.0
2876	0.0
2877	0.0
2878	0.0
2879	0.0
288	1.0E-5
2880	0.0
2881	0.0
2882	0.0
2883	0.0
2884	0.0
2885	0.0
2886	0.0
2887	0.0
2888	0.0
2889	0.0
289	1.0E-5
2890	0.0
2891	0.0
2892	0.0
2893	0.0
2894	0.0
2895	0.0
2896	0.0
2897	0.0
2898	0.0
2899	0.0
29	8.4E-4
290	1.0E-5
2900	0.0
2901	0.0
2902	0.0
2903	0.0
2904	0.0
2905	0.0
2906	0.0
2907	0.0
2908	0.0
2909	0.0
291	1.0E-5
2910	0.0
2911	0.0
2912	0.0
2913	0.0
2914	0.0
2915	0.0
2916	0.0
2917	0.0
2918	0.0
2919	0.0
292	1.0E-5
2920	0.0
2921	0.0
2922	0.0
2923	0.0
2924	0.0
2925	0.0
2926	0.0
2927	0.0
2928	0.0
2929	0.0
293	1.0E-5
2930	0.0
2931	0.0
2932	0.0
2933	0.0
2934	0.0
2935	0.0
2936	0.0
2937	0.0
2938	0.0
2939	0.0
294	2.0E-5
2940	0.0
2941	0.0
2942	0.0
2943	0.0
2944	0.0
2945	0.0
2946	0.0
2947	0.0
2948	0.0
2949	0.0
295	2.0E-5
2950	0.0
2951	0.0
2952	0.0
2953	0.0
2954	0.0
2955	0.0
2956	0.0
2957	0.0
2958	0.0
2959	0.0
296	1.0E-5
2960	0.0
2961	0.0
2962	0.0
2963	0.0
2964	0.0
2965	0.0
2966	0.0
2967	0.0
2968	0.0
2969	0.0
297	2.0E-5
2970	0.0
2971	0.0
2972	0.0
2973	0.0
2974	0.0
2975	0.0
2976	0.0
2977	0.0
2978	0.0
2979	0.0
298	2.0E-5
2980	0.0
2981	0.0
2982	0.0
2983	0.0
2984	0.0
2985	0.0
2986	0.0
2987	0.0
2988	0.0
2989	0.0
299	1.0E-5
2990	0.0
2991	0.0
2992	0.0
2993	0.0
2994	0.0
2995	0.0
2996	0.0
2997	0.0
2998	0.0
2999	0.0
3	0.0
30	2.3E-4
300	6.0E-5
3000	0.0
3001	0.0
3002	0.0
3003	0.0
3004	0.0
3005	0.0
3006	0.0
3007	0.0
3008	0.0
3009	0.0
301	1.0E-5
3010	0.0
3011	0.0
3012	0.0
3013	0.0
3014	0.0
3015	0.0
3016	0.0
3017	0.0
3018	0.0
3019	0.0
302	3.0E-5
3020	0.0
3021	0.0
3022	0.0
3023	0.0
3024	0.0
3025	0.0
3026	0.0
3027	0.0
3028	0.0
3029	0.0
303	4.0E-5
3030	0.0
3031	0.0
3032	0.0
3033	0.0
3034	0.0
3035	0.0
3036	0.0
3037	0.0
3038	0.0
3039	0.0
304	0.0
3040	0.0
3041	0.0
3042	0.0
3043	0.0
3044	0.0
3045	0.0
3046	0.0
3047	0.0
3048	0.0
3049	0.0
305	0.0
3050	0.0
3051	0.0
3052	0.0
3053	0.0
3054	0.0
3055	0.0
3056	0.0
3057	0.0
3058	0.0
3059	0.0
306	0.0
3060	0.0
3061	0.0
3062	0.0
3063	0.0
3064	0.0
3065	0.0
3066	0.0
3067	0.0
3068	0.0
3069	0.0
307	0.0
3070	0.0
3071	0.0
3072	0.0
3073	0.0
3074	0.0
3075	0.0
3076	0.0
3077	0.0
3078	0.0
3079	0.0
308	0.0
3080	0.0
3081	0.0
3082	0.0
3083	0.0
3084	0.0
3085	0.0
3086	0.0
3087	0.0
3088	4.0E-5
3089	1.8E-4
309	7.0E-5
3090	2.0E-5
3091	2.0E-5
3092	2.0E-5
3093	2.0E-5
3094	2.0E-5
3095	3.0E-5
3096	2.0E-5
3097	2.0E-5
3098	3.0E-5
3099	3.0E-5
31	1.4E-4
310	6.0E-5
3100	3.0E-5
3101	3.0E-5
3102	2.0E-5
3103	2.0E-5
3104	2.0E-5
3105	3.0E-5
3106	3.0E-5
3107	3.0E-5
3108	3.0E-5
3109	3.0E-5
311	6.0E-5
3110	3.0E-5
3111	9.0E-5
3112	2.0E-5
3113	2.0E-5
3114	1.0E-5
3115	1.0E-5
3116	1.0E-5
3117	1.0E-5
3118	1.0E-5
3119	2.0E-5
312	6.0E-5
3120	3.0E-5
3121	0.0
3122	0.0
3123	0.0
3124	0.0
3125	0.0
3126	0.0
3127	0.0
3128	0.0
3129	1.7E-4
313	6.0E-5
3130	0.0
3131	0.0
3132	0.0
3133	0.0
3134	0.0
3135	0.0
3136	0.0
3137	0.0
3138	0.0
3139	0.0
314	6.0E-5
3140	5.0E-5
3141	5.0E-5
3142	5.0E-5
3143	5.0E-5
3144	5.0E-5
3145	5.0E-5
3146	5.0E-5
3147	5.0E-5
3148	5.0E-5
3149	5.0E-5
315	6.0E-5
3150	5.0E-5
3151	5.0E-5
3152	0.0
3153	0.0
3154	0.0
3155	0.0
3156	0.0
3157	0.0
3158	0.0
3159	1.0E-5
316	6.0E-5
3160	0.0
3161	1.0E-5
3162	0.0
3163	2.1E-4
3164	0.0
3165	0.0
3166	0.0
3167	0.0
3168	0.0
3169	1.0E-5
317	6.0E-5
3170	1.0E-5
3171	2.0E-5
3172	2.0E-5
3173	1.0E-5
3174	0.0
3175	0.0
3176	0.0
3177	1.0E-5
3178	1.0E-5
3179	1.0E-5
318	6.0E-5
3180	1.0E-5
3181	9.0E-5
3182	3.9E-4
3183	1.0E-5
3184	2.3E-4
3185	1.0E-5
3186	7.3E-4
3187	1.0E-5
3188	4.9E-4
3189	1.3E-4
319	6.0E-5
3190	1.3E-4
3191	1.0E-5
3192	1.0E-5
3193	1.0E-5
3194	1.0E-5
3195	1.0E-5
3196	5.0E-5
3197	0.0
3198	0.0
3199	0.0
32	2.1E-4
320	7.0E-5
3200	0.0
3201	0.0
3202	0.0
3203	0.0
3204	0.0
3205	0.0
3206	0.0
3207	0.0
3208	0.0
3209	0.0
321	1.0E-5
3210	0.0
3211	0.0
3212	0.0
3213	0.0
3214	0.0
3215	0.0
3216	0.0
3217	0.0
3218	0.0
3219	0.0
322	1.0E-5
3220	0.00162
3221	0.00123
3222	3.7E-4
3223	8.4E-4
3224	0.00136
3225	6.7E-4
3226	0.0011
3227	0.00217
3228	9.8E-4
3229	5.9E-4
323	1.0E-5
3230	0.0
3231	0.0
3232	0.0
3233	0.0
3234	0.0
3235	0.0
3236	0.0
3237	0.0
3238	0.0
3239	0.0
324	1.0E-5
3240	0.0
3241	0.0
3242	0.0
3243	0.0
3244	0.0
3245	0.0
3246	0.0
3247	0.0
3248	0.0
3249	0.0
325	0.0
3250	0.0
3251	0.0
3252	0.0
3253	0.0
3254	0.0
3255	0.0
3256	0.0
3257	0.0
3258	0.0
3259	0.0
326	0.0
3260	0.0
3261	0.0
3262	0.0
3263	0.0
3264	0.0
3265	0.0
3266	0.0
3267	0.0
3268	0.0
3269	0.0
327	0.0
3270	0.0
3271	0.0
3272	0.0
3273	0.0
3274	6.3E-4
3275	0.0
3276	0.0
3277	0.0
3278	0.0
3279	0.0
328	0.0
3280	0.0
3281	0.0
3282	0.0
3283	0.0
3284	0.0
3285	0.0
3286	0.0
3287	0.0
3288	0.0
3289	0.0
329	0.0
3290	0.0
3291	0.0
3292	0.0
3293	0.0
3294	0.0
3295	0.0
3296	0.0
3297	0.0
3298	0.0
3299	0.0
33	2.5E-4
330	0.0
3300	0.0
3301	0.0
3302	0.0
3303	0.0
3304	0.0
3305	0.0
3306	0.0
3307	0.0
3308	0.0
3309	0.0
331	1.0E-5
3310	0.0
3311	0.0
3312	0.0
3313	0.0
3314	0.0
3315	0.0
3316	0.0
3317	0.0
3318	0.0
3319	0.0
332	1.0E-5
3320	0.0
3321	0.0
3322	0.0
3323	0.0
3324	0.0
3325	0.0
3326	0.0
3327	0.0
3328	0.0
3329	0.0
333	0.0
3330	0.0
3331	0.0
3332	0.0
3333	0.0
3334	0.0
3335	0.0
3336	0.0
3337	0.0
3338	0.0
3339	0.0
334	1.0E-5
3340	0.0
3341	0.0
3342	0.0
3343	0.0
3344	0.0
3345	0.0
3346	0.0
3347	0.0
3348	0.0
3349	0.0
335	1.0E-5
3350	0.0
3351	0.0
3352	0.0
3353	0.0
3354	0.0
3355	0.0
3356	0.0
3357	0.0
3358	0.0
3359	0.0
336	1.0E-5
3360	0.0
3361	0.0
3362	0.0
3363	0.0
3364	0.0
3365	0.0
3366	0.0
3367	0.0
3368	0.0
3369	0.0
337	5.0E-5
3370	0.0
3371	0.0
3372	0.0
3373	0.0
3374	0.0
3375	0.0
3376	0.0
3377	0.0
3378	0.0
3379	0.0
338	5.0E-5
3380	0.0
3381	0.0
3382	0.0
3383	0.0
3384	0.0
3385	0.0
3386	0.0
3387	0.0
3388	0.0
3389	0.0
339	5.0E-5
3390	0.0
3391	0.0
3392	0.0
3393	0.0
3394	0.0
3395	0.0
3396	0.0
3397	0.0
3398	0.0
3399	0.0
34	1.3E-4
340	0.0
3400	0.0
3401	0.0
3402	0.0
3403	0.0
3404	0.0
3405	0.0
3406	0.0
3407	0.0
3408	0.0
3409	0.0
341	0.0
3410	0.0
3411	0.0
3412	0.0
3413	0.0
3414	0.0
3415	0.0
3416	0.0
3417	0.0
3418	0.0
3419	0.0
342	0.0
3420	0.0
3421	0.0
3422	0.0
3423	0.0
3424	0.0
3425	0.0
3426	0.0
3427	0.0
3428	0.0
3429	0.0
343	0.0
3430	0.0
3431	0.0
3432	0.0
3433	0.0
3434	0.0
3435	0.0
3436	0.0
3437	0.0
3438	0.0
3439	0.0
344	0.0
3440	0.0
3441	0.0
3442	0.0
3443	0.0
3444	0.0
3445	0.0
3446	0.0
3447	0.0
3448	0.0
3449	0.0
345	0.0
3450	0.0
3451	0.0
3452	0.0
3453	0.0
3454	0.0
3455	0.0
3456	0.0
3457	0.0
3458	0.0
3459	0.0
346	0.0
3460	0.0
3461	0.0
3462	0.0
3463	0.0
3464	0.0
3465	0.0
3466	0.0
3467	0.0
3468	0.0
3469	0.0
347	0.0
3470	0.0
3471	0.0
3472	0.0
3473	0.0
3474	0.0
3475	0.0
3476	0.0
3477	0.0
3478	0.0
3479	1.8E-4
348	0.0
3480	1.8E-4
3481	1.8E-4
3482	1.8E-4
3483	1.8E-4
3484	1.8E-4
3485	1.8E-4
3486	1.8E-4
3487	1.8E-4
3488	1.8E-4
3489	0.0
349	0.0
3490	0.0
3491	0.0
3492	0.0
3493	0.0
3494	0.0
3495	0.0
3496	0.0
3497	0.0
3498	0.0
3499	0.0
35	1.4E-4
350	0.0
3500	0.0
3501	0.0
3502	0.0
3503	0.0
3504	0.0
3505	0.0
3506	0.0
3507	0.0
3508	0.0
3509	0.0
351	0.0
3510	0.0
3511	1.0E-5
3512	3.0E-5
3513	0.0
3514	2.4E-4
3515	0.0
3516	0.0
3517	0.0
3518	0.0
3519	0.0
352	0.0
3520	0.0
3521	0.0
3522	0.0
3523	0.0
3524	0.0
3525	0.0
3526	0.0
3527	0.0
3528	0.0
3529	0.0
353	0.0
3530	0.0
3531	0.0
3532	0.0
3533	0.0
3534	0.0
3535	0.0
3536	0.0
3537	0.0
3538	0.0
3539	0.0
354	0.0
3540	0.0
3541	0.0
3542	0.0
3543	0.0
3544	0.0
3545	0.0
3546	0.0
3547	0.0
3548	0.0
3549	0.0
355	0.0
3550	0.0
3551	0.0
3552	0.0
3553	0.0
3554	0.0
3555	0.0
3556	0.0
3557	0.0
3558	0.0
3559	0.0
356	1.4E-4
3560	0.0
3561	0.0
3562	0.0
3563	0.0
3564	0.0
3565	0.0
3566	0.0
3567	0.0
3568	0.0
3569	0.0
357	1.3E-4
3570	0.0
3571	0.0
3572	0.0
3573	0.0
3574	0.0
3575	0.0
3576	0.0
3577	0.0
3578	0.0
3579	0.0
358	4.0E-5
3580	0.0
3581	0.0
3582	0.0
3583	0.0
3584	7.0E-5
3585	8.0E-5
3586	1.2E-4
3587	8.0E-5
3588	0.0
3589	0.0
359	6.0E-5
3590	0.0
3591	0.0
3592	0.0
3593	0.0
3594	1.0E-5
3595	1.0E-5
3596	1.0E-5
3597	0.0
3598	1.0E-5
3599	1.0E-5
36	3.2E-4
360	4.0E-5
3600	9.0E-5
3601	0.0
3602	2.0E-5
3603	1.0E-5
3604	1.0E-5
3605	2.0E-5
3606	2.0E-5
3607	0.0
3608	0.0
3609	0.0
361	4.0E-5
3610	0.0
3611	0.0
3612	0.0
3613	3.0E-5
3614	0.0
3615	1.0E-5
3616	1.0E-5
3617	0.0
3618	0.0
3619	0.0
362	1.7E-4
3620	0.0
3621	0.0
3622	0.0
3623	0.0
3624	0.0
3625	0.0
3626	0.0
3627	0.0
3628	0.0
3629	0.0
363	0.0
3630	0.0
3631	0.0
3632	0.0
3633	0.0
3634	0.0
3635	0.0
3636	0.0
3637	1.0E-5
3638	0.0
3639	0.0
364	0.0
3640	0.0
3641	0.0
3642	0.0
3643	3.3E-4
3644	3.3E-4
3645	3.1E-4
3646	3.1E-4
3647	3.1E-4
3648	3.1E-4
3649	0.0
365	0.0
3650	0.0
3651	0.0
3652	0.0
3653	0.0
3654	0.0
3655	0.0
3656	0.0
3657	0.0
3658	0.0
3659	0.0
366	0.0
3660	0.0
3661	0.0
3662	0.0
3663	0.0
3664	6.0E-5
3665	0.0
3666	0.0
3667	0.0
3668	0.0
3669	0.0
367	0.0
3670	0.0
3671	0.0
3672	0.0
3673	0.0
3674	0.0
3675	0.0
3676	0.0
3677	0.0
3678	0.0
3679	0.0
368	0.0
3680	0.0
3681	0.0
3682	0.0
3683	0.0
3684	0.0
3685	0.0
3686	0.0
3687	0.0
3688	0.0
3689	0.0
369	1.4E-4
3690	0.0
3691	0.0
3692	0.0
3693	0.0
3694	0.0
3695	0.0
3696	0.0
3697	0.0
3698	0.0
3699	0.0
37	0.00155
370	0.0
3700	0.0
3701	0.0
3702	3.0E-5
3703	0.0
3704	0.0
3705	0.0
3706	0.0
3707	0.0
3708	0.0
3709	0.0
371	0.0
3710	0.0
3711	0.0
3712	0.0
3713	0.0
3714	0.0
3715	0.0
3716	0.0
3717	0.0
3718	1.0E-5
3719	1.0E-5
372	0.0
3720	1.0E-5
3721	0.0
3722	0.0
3723	0.0
3724	0.0
3725	0.0
3726	1.0E-5
3727	1.0E-5
3728	1.0E-5
3729	7.1E-4
373	0.0
3730	0.0
3731	0.0
3732	0.0
3733	4.0E-5
3734	2.0E-4
3735	4.0E-5
3736	4.0E-5
3737	0.0
3738	0.0
3739	0.0
374	0.0
3740	0.0
3741	0.0
3742	5.6E-4
3743	0.0
3744	0.0
3745	0.0
3746	0.0
3747	0.0
3748	0.0
3749	0.0
375	0.0
3750	0.0
3751	0.0
3752	0.0
3753	0.0
3754	0.0
3755	0.0
3756	0.0
3757	0.0
3758	0.0
3759	0.0
376	0.0
3760	0.0
3761	0.0
3762	2.0E-5
3763	2.0E-5
3764	2.0E-5
3765	2.0E-5
3766	1.9E-4
3767	1.9E-4
3768	0.0
3769	0.0
377	0.0
3770	0.0
3771	0.0
3772	0.0
3773	2.2E-4
3774	2.2E-4
3775	2.2E-4
3776	2.2E-4
3777	0.0
3778	0.0
3779	0.0
378	0.0
3780	0.0
3781	1.3E-4
3782	1.7E-4
3783	1.3E-4
3784	1.3E-4
3785	1.3E-4
3786	1.3E-4
3787	0.0
3788	0.0
3789	1.6E-4
379	0.0
3790	1.6E-4
3791	1.6E-4
3792	3.0E-5
3793	3.0E-5
3794	3.0E-5
3795	3.0E-5
3796	3.0E-5
3797	3.0E-5
3798	3.0E-5
3799	3.0E-5
38	0.00143
380	0.0
3800	0.0
3801	0.0
3802	0.0
3803	0.0
3804	0.0
3805	0.0
3806	0.0
3807	0.0
3808	6.3E-4
3809	0.0
381	0.0
3810	0.0
3811	0.0
3812	0.0
3813	0.0
3814	0.0
3815	0.0
3816	0.0
3817	0.0
3818	0.0
3819	0.0
382	0.0
3820	0.0
3821	0.0
3822	0.0
3823	0.0
3824	0.0
3825	0.0
3826	0.0
3827	0.0
3828	0.0
3829	0.0
383	0.0
3830	0.0
3831	0.0
3832	0.0
3833	0.0
3834	0.00191
3835	9.1E-4
3836	3.5E-4
3837	1.5E-4
3838	9.0E-5
3839	7.0E-5
384	0.0
3840	7.0E-5
3841	7.0E-5
3842	7.0E-5
3843	7.0E-5
3844	7.0E-5
3845	7.0E-5
3846	7.0E-5
3847	7.0E-5
3848	7.0E-5
3849	7.0E-5
385	0.0
3850	7.0E-5
3851	7.0E-5
3852	7.0E-5
3853	7.0E-5
3854	7.0E-5
3855	7.0E-5
3856	7.0E-5
3857	7.0E-5
3858	7.0E-5
3859	7.0E-5
386	0.0
3860	7.0E-5
3861	7.0E-5
3862	7.0E-5
3863	7.0E-5
3864	7.0E-5
3865	7.0E-5
3866	7.0E-5
3867	7.0E-5
3868	7.0E-5
3869	7.0E-5
387	1.0E-5
3870	9.0E-5
3871	1.8E-4
3872	4.9E-4
3873	0.00144
3874	4.0E-5
3875	0.00145
3876	7.0E-4
3877	2.8E-4
3878	1.3E-4
3879	8.0E-5
388	0.0
3880	7.0E-5
3881	7.0E-5
3882	7.0E-5
3883	7.0E-5
3884	7.0E-5
3885	7.0E-5
3886	7.0E-5
3887	7.0E-5
3888	7.0E-5
3889	7.0E-5
389	1.0E-5
3890	7.0E-5
3891	7.0E-5
3892	7.0E-5
3893	7.0E-5
3894	7.0E-5
3895	7.0E-5
3896	7.0E-5
3897	7.0E-5
3898	7.0E-5
3899	7.0E-5
39	3.6E-4
390	0.0
3900	7.0E-5
3901	7.0E-5
3902	8.0E-5
3903	1.5E-4
3904	3.9E-4
3905	0.0011
3906	4.0E-5
3907	4.5E-4
3908	2.5E-4
3909	1.3E-4
391	0.0
3910	8.0E-5
3911	7.0E-5
3912	7.0E-5
3913	7.0E-5
3914	9.0E-5
3915	1.6E-4
3916	3.5E-4
3917	3.0E-5
3918	0.001
3919	5.0E-4
392	0.0
3920	2.1E-4
3921	1.0E-4
3922	7.0E-5
3923	7.0E-5
3924	7.0E-5
3925	7.0E-5
3926	7.0E-5
3927	7.0E-5
3928	7.0E-5
3929	7.0E-5
393	0.0
3930	7.0E-5
3931	7.0E-5
3932	7.0E-5
3933	7.0E-5
3934	7.0E-5
3935	7.0E-5
3936	8.0E-5
3937	1.2E-4
3938	2.8E-4
3939	7.6E-4
394	0.0
3940	4.0E-5
3941	0.0016
3942	7.7E-4
3943	3.0E-4
3944	1.3E-4
3945	8.0E-5
3946	7.0E-5
3947	7.0E-5
3948	7.0E-5
3949	7.0E-5
395	0.0
3950	7.0E-5
3951	7.0E-5
3952	7.0E-5
3953	7.0E-5
3954	7.0E-5
3955	7.0E-5
3956	7.0E-5
3957	7.0E-5
3958	7.0E-5
3959	7.0E-5
396	0.0
3960	7.0E-5
3961	7.0E-5
3962	7.0E-5
3963	7.0E-5
3964	7.0E-5
3965	7.0E-5
3966	7.0E-5
3967	7.0E-5
3968	7.0E-5
3969	7.0E-5
397	0.0
3970	7.0E-5
3971	9.0E-5
3972	1.6E-4
3973	4.2E-4
3974	0.00121
3975	4.0E-5
3976	8.0E-4
3977	4.1E-4
3978	1.8E-4
3979	1.0E-4
398	0.0
3980	7.0E-5
3981	7.0E-5
3982	7.0E-5
3983	7.0E-5
3984	7.0E-5
3985	7.0E-5
3986	7.0E-5
3987	7.0E-5
3988	7.0E-5
3989	8.0E-5
399	0.0
3990	1.1E-4
3991	2.4E-4
3992	6.1E-4
3993	4.0E-5
3994	0.0013
3995	6.3E-4
3996	2.6E-4
3997	1.2E-4
3998	8.0E-5
3999	7.0E-5
4	0.0
40	4.8E-4
400	0.0
4000	7.0E-5
4001	7.0E-5
4002	7.0E-5
4003	7.0E-5
4004	7.0E-5
4005	7.0E-5
4006	7.0E-5
4007	7.0E-5
4008	7.0E-5
4009	7.0E-5
401	0.0
4010	7.0E-5
4011	7.0E-5
4012	7.0E-5
4013	7.0E-5
4014	7.0E-5
4015	7.0E-5
4016	7.0E-5
4017	7.0E-5
4018	8.0E-5
4019	1.4E-4
402	0.0
4020	3.6E-4
4021	9.9E-4
4022	4.0E-5
4023	0.00255
4024	0.0012
4025	4.5E-4
4026	1.8E-4
4027	1.0E-4
4028	8.0E-5
4029	7.0E-5
403	0.0
4030	7.0E-5
4031	7.0E-5
4032	7.0E-5
4033	7.0E-5
4034	7.0E-5
4035	7.0E-5
4036	7.0E-5
4037	7.0E-5
4038	7.0E-5
4039	7.0E-5
404	0.0
4040	7.0E-5
4041	7.0E-5
4042	7.0E-5
4043	7.0E-5
4044	7.0E-5
4045	7.0E-5
4046	7.0E-5
4047	7.0E-5
4048	7.0E-5
4049	7.0E-5
405	0.0
4050	7.0E-5
4051	7.0E-5
4052	7.0E-5
4053	7.0E-5
4054	7.0E-5
4055	7.0E-5
4056	7.0E-5
4057	7.0E-5
4058	7.0E-5
4059	7.0E-5
406	0.0
4060	7.0E-5
4061	7.0E-5
4062	7.0E-5
4063	7.0E-5
4064	7.0E-5
4065	7.0E-5
4066	7.0E-5
4067	7.0E-5
4068	7.0E-5
4069	7.0E-5
407	0.0
4070	7.0E-5
4071	8.0E-5
4072	1.0E-4
4073	2.2E-4
4074	6.4E-4
4075	0.00192
4076	4.0E-5
4077	0.00116
4078	5.7E-4
4079	2.3E-4
408	0.0
4080	1.1E-4
4081	8.0E-5
4082	7.0E-5
4083	7.0E-5
4084	7.0E-5
4085	7.0E-5
4086	7.0E-5
4087	7.0E-5
4088	7.0E-5
4089	7.0E-5
409	0.0
4090	7.0E-5
4091	7.0E-5
4092	7.0E-5
4093	7.0E-5
4094	7.0E-5
4095	7.0E-5
4096	7.0E-5
4097	7.0E-5
4098	8.0E-5
4099	1.3E-4
41	3.6E-4
410	0.0
4100	3.2E-4
4101	8.8E-4
4102	4.0E-5
4103	7.1E-4
4104	3.7E-4
4105	1.7E-4
4106	9.0E-5
4107	7.0E-5
4108	7.0E-5
4109	7.0E-5
411	0.0
4110	7.0E-5
4111	7.0E-5
4112	7.0E-5
4113	7.0E-5
4114	8.0E-5
4115	1.1E-4
4116	2.2E-4
4117	5.4E-4
4118	4.0E-5
4119	0.0
412	0.0
4120	0.0
4121	0.0
4122	0.0
4123	0.0
4124	0.0
4125	0.0
4126	0.0
4127	0.0
4128	0.0
4129	0.0
413	0.0
4130	0.0
4131	0.0
4132	0.0
4133	0.0
4134	0.0
4135	0.0
4136	0.0
4137	0.0
4138	0.0
4139	7.5E-4
414	0.0
4140	3.9E-4
4141	1.8E-4
4142	1.0E-4
4143	8.0E-5
4144	8.0E-5
4145	8.0E-5
4146	8.0E-5
4147	8.0E-5
4148	8.0E-5
4149	8.0E-5
415	0.0
4150	8.0E-5
4151	1.1E-4
4152	2.3E-4
4153	5.8E-4
4154	0.0
4155	0.0
4156	0.0
4157	0.0
4158	0.0
4159	0.0
416	1.0E-5
4160	0.0
4161	0.0
4162	0.0
4163	0.0
4164	0.0
4165	0.0
4166	0.0
4167	0.0
4168	0.0
4169	0.0
417	0.0
4170	0.0
4171	0.0
4172	0.0
4173	0.0
4174	0.0
4175	0.0
4176	0.0
4177	0.0
4178	0.0
4179	0.0
418	0.0
4180	0.0
4181	0.0
4182	0.0
4183	0.0
4184	0.0
4185	0.0
4186	0.0
4187	0.0
4188	0.0
4189	0.0
419	0.0
4190	0.0
4191	0.0
4192	0.0
4193	0.0
4194	0.0
4195	0.0
4196	0.0
4197	0.0
4198	0.0
4199	0.0
42	4.6E-4
420	0.0
4200	0.0
4201	0.0
4202	0.0
4203	0.0
4204	0.0
4205	0.0
4206	0.0
4207	0.0
4208	0.0
4209	0.0
421	0.0
4210	0.0
4211	0.0
4212	0.0
4213	0.0
4214	0.0
4215	0.0
4216	0.0
4217	0.0
4218	0.0
4219	0.0
422	0.0
4220	0.0
4221	0.0
4222	0.0
4223	0.0
4224	0.0
4225	0.0
4226	0.0
4227	0.0
4228	0.0
4229	0.0
423	0.0
4230	0.0
4231	0.0
4232	0.0
4233	0.0
4234	0.0
4235	0.0
4236	0.0
4237	0.0
4238	0.0
4239	0.0
424	0.0
4240	0.0
4241	0.0
4242	0.0
4243	0.0
4244	0.0
4245	0.0
4246	0.0
4247	0.0
4248	0.0
4249	0.0
425	0.00115
4250	0.0
4251	0.0
4252	0.0
4253	0.0
4254	0.0
4255	0.0
4256	0.0
4257	0.0
4258	0.0
4259	0.0
426	4.0E-5
4260	0.0
4261	0.0
4262	0.0
4263	0.0
4264	0.0
4265	0.0
4266	0.0
4267	0.0
4268	0.0
4269	0.0
427	3.0E-5
4270	0.0
4271	0.0
4272	0.0
4273	0.0
4274	0.0
4275	0.0
4276	0.0
4277	0.0
4278	0.0
4279	0.0
428	1.0E-5
4280	0.0
4281	0.0
4282	0.0
4283	0.0
4284	0.0
4285	0.0
4286	0.0
4287	0.0
4288	0.0
4289	0.0
429	3.0E-5
4290	0.0
4291	0.0
4292	0.0
4293	0.0
4294	0.0
4295	0.0
4296	0.0
4297	0.0
4298	0.0
4299	0.0
43	0.00118
430	6.0E-5
4300	0.0
4301	0.0
4302	0.0
4303	0.0
4304	0.0
4305	0.0
4306	0.0
4307	0.0
4308	0.0
4309	0.0
431	0.0
4310	0.0
4311	0.0
4312	0.0
4313	0.0
4314	0.0
4315	0.0
4316	0.0
4317	0.0
4318	0.0
4319	0.0
432	0.0
4320	0.0
4321	0.0
4322	0.0
4323	0.0
4324	0.0
4325	0.0
4326	0.0
4327	0.0
4328	0.0
4329	0.0
433	0.0
4330	0.0
4331	0.0
4332	0.0
4333	0.0
4334	0.0
4335	0.0
4336	0.0
4337	0.0
4338	0.0
4339	0.0
434	0.0
4340	0.0
4341	0.0
4342	0.0
4343	0.0
4344	0.0
4345	0.0
4346	0.0
4347	0.0
4348	0.0
4349	0.0
435	0.0
4350	0.0
4351	0.0
4352	0.0
4353	0.0
4354	0.0
4355	0.0
4356	0.0
4357	0.0
4358	0.0
4359	0.0
436	0.0
4360	0.0
4361	0.0
4362	0.0
4363	0.0
4364	0.0
4365	0.0
4366	0.0
4367	0.0
4368	0.0
4369	0.0
437	0.0
4370	0.0
4371	0.0
4372	0.0
4373	0.0
4374	0.0
4375	0.0
4376	0.0
4377	0.0
4378	0.0
4379	0.0
438	0.0
4380	0.0
4381	0.0
4382	0.0
4383	0.0
4384	0.0
4385	0.0
4386	0.0
4387	0.0
4388	0.0
4389	0.0
439	0.0
4390	0.0
4391	0.0
4392	0.0
4393	0.0
4394	0.0
4395	0.0
4396	0.0
4397	0.0
4398	0.0
4399	0.0
44	3.1E-4
440	0.0
4400	0.0
4401	0.0
4402	0.0
4403	0.0
4404	0.0
4405	0.0
4406	0.0
4407	0.0
4408	0.0
4409	0.0
441	0.0
4410	0.0
4411	0.0
4412	0.0
4413	0.0
4414	0.0
4415	0.0
4416	0.0
4417	0.0
4418	0.0
4419	0.0
442	0.0
4420	0.0
4421	0.0
4422	0.0
4423	0.0
4424	0.0
4425	0.0
4426	0.0
4427	0.0
4428	0.0
4429	0.0
443	0.0
4430	0.0
4431	0.0
4432	0.0
4433	0.0
4434	0.0
4435	0.0
4436	0.0
4437	0.0
4438	0.0
4439	0.0
444	0.0
4440	0.0
4441	0.0
4442	0.0
4443	0.0
4444	0.0
4445	0.0
4446	0.0
4447	0.0
4448	0.0
4449	0.0
445	0.0
4450	0.0
4451	0.0
4452	0.0
4453	0.0
4454	0.0
4455	0.0
4456	0.0
4457	0.0
4458	6.3E-4
4459	0.0
446	0.0
4460	0.0
4461	0.0
4462	0.0
4463	0.0
4464	0.0
4465	0.0
4466	0.0
4467	0.0
4468	0.0
4469	0.0
447	0.0
4470	0.0
4471	0.0
4472	0.0
4473	0.0
4474	0.0
4475	0.0
4476	0.0
4477	0.0
4478	0.0
4479	0.0
448	0.0
4480	0.0
4481	0.0
4482	0.0
4483	0.0
4484	6.0E-5
4485	2.7E-4
4486	0.0
4487	0.0
4488	0.0
4489	0.0
449	0.0
4490	0.0
4491	0.0
4492	0.0
4493	0.0
4494	0.0
4495	0.0
4496	0.0
4497	0.0
4498	0.0
4499	0.0
45	1.8E-4
450	0.0
4500	0.0
4501	0.0
4502	0.0
4503	0.0
4504	0.0
4505	0.0
4506	0.0
4507	0.0
4508	0.0
4509	0.0
451	0.0
4510	0.0
4511	0.0
4512	0.0
4513	0.0
4514	0.0
4515	0.0
4516	0.0
4517	0.0
4518	0.0
4519	0.0
452	0.0
4520	0.0
4521	0.0
4522	0.0
4523	0.0
4524	0.0
4525	0.0
4526	0.0
4527	0.0
4528	0.0
4529	0.0
453	0.0
4530	0.0
4531	0.0
4532	0.0
4533	0.0
4534	0.0
4535	0.0
4536	0.0
4537	0.0
4538	0.0
4539	0.0
454	0.0
4540	0.0
4541	0.0
4542	0.0
4543	0.0
4544	0.0
4545	0.0
4546	0.0
4547	0.0
4548	0.0
4549	0.0
455	0.0
4550	0.0
4551	0.0
4552	0.0
4553	0.0
4554	0.0
4555	0.0
4556	0.0
4557	0.0
4558	0.0
4559	0.0
456	0.0
4560	0.0
4561	0.0
4562	0.0
4563	0.0
4564	0.0
4565	0.0
4566	0.0
4567	0.0
4568	0.0
4569	0.0
457	2.0E-5
4570	0.0
4571	0.0
4572	0.0
4573	0.0
4574	0.0
4575	0.0
4576	0.0
4577	0.0
4578	0.0
4579	0.0
458	2.0E-5
4580	0.0
4581	0.0
4582	0.0
4583	0.0
4584	0.0
4585	0.0
4586	0.0
4587	0.0
4588	0.0
4589	0.0
459	2.0E-5
4590	0.0
4591	0.0
4592	0.0
4593	0.0
4594	0.0
4595	0.0
4596	0.0
4597	0.0
4598	0.0
4599	0.0
46	3.1E-4
460	2.0E-5
4600	0.0
4601	0.0
4602	0.0
4603	0.0
4604	0.0
4605	0.0
4606	0.0
4607	0.0
4608	0.0
4609	0.0
461	2.0E-5
4610	0.0
4611	0.0
4612	0.0
4613	0.0
4614	0.0
4615	0.0
4616	0.0
4617	0.0
4618	0.0
4619	0.0
462	2.0E-5
4620	0.0
4621	0.0
4622	0.0
4623	0.0
4624	0.0
4625	0.0
4626	0.0
4627	0.0
4628	0.0
4629	0.0
463	2.0E-5
4630	0.0
4631	0.0
4632	0.0
4633	0.0
4634	0.0
4635	0.0
4636	0.0
4637	0.0
4638	0.0
4639	0.0
464	2.0E-5
4640	0.0
4641	0.0
4642	0.0
4643	0.0
4644	0.0
4645	0.0
4646	0.0
4647	0.0
4648	0.0
4649	0.0
465	2.0E-5
4650	0.0
4651	0.0
4652	0.0
4653	0.0
4654	0.0
4655	0.0
4656	0.0
4657	0.0
4658	0.0
4659	0.0
466	2.0E-5
4660	0.0
4661	0.0
4662	0.0
4663	0.0
4664	0.0
4665	0.0
4666	0.0
4667	0.0
4668	0.0
4669	0.0
467	2.0E-5
4670	0.0
4671	0.0
4672	0.0
4673	0.0
4674	0.0
4675	0.0
4676	0.0
4677	0.0
4678	0.0
4679	0.0
468	2.0E-5
4680	0.0
4681	0.0
4682	0.0
4683	0.0
4684	0.0
4685	0.0
4686	0.0
4687	0.0
4688	0.0
4689	0.0
469	0.0
4690	0.0
4691	0.0
4692	0.0
4693	0.0
4694	0.0
4695	0.0
4696	0.0
4697	0.0
4698	0.0
4699	0.0
47	9.0E-5
470	0.0
4700	0.0
4701	0.0
4702	0.0
4703	0.0
4704	0.0
4705	0.0
4706	0.0
4707	0.0
4708	0.0
4709	0.0
471	0.0
4710	0.0
4711	0.0
4712	0.0
4713	0.0
4714	0.0
4715	0.0
4716	0.0
4717	0.0
4718	0.0
4719	0.0
472	0.0
4720	0.0
4721	0.0
4722	0.0
4723	0.0
4724	0.0
4725	0.0
4726	0.0
4727	0.0
4728	0.0
4729	0.0
473	0.0
4730	0.0
4731	0.0
4732	0.0
4733	0.0
4734	0.0
4735	0.0
4736	0.0
4737	0.0
4738	0.0
4739	0.0
474	0.0
4740	0.0
4741	0.0
4742	0.0
4743	0.0
4744	0.0
4745	0.0
4746	0.0
4747	0.0
4748	0.0
4749	0.0
475	0.0
4750	0.0
4751	0.0
4752	0.0
4753	0.0
4754	0.0
4755	0.0
4756	0.0
4757	0.0
4758	0.0
4759	0.0
476	0.0
4760	0.0
4761	0.0
4762	0.0
4763	0.0
4764	0.0
4765	0.0
4766	0.0
4767	0.0
4768	0.0
4769	0.0
477	0.0
4770	0.0
4771	0.0
4772	0.0
4773	0.0
4774	1.0E-5
4775	1.0E-5
4776	5.0E-5
4777	5.0E-5
4778	1.0E-5
4779	1.0E-5
478	0.0
4780	1.0E-5
4781	1.0E-5
4782	1.0E-5
4783	1.0E-5
4784	1.0E-5
4785	1.0E-5
4786	1.0E-5
4787	1.0E-5
4788	1.0E-5
4789	1.0E-5
479	1.0E-5
4790	1.0E-5
4791	1.0E-5
4792	1.0E-5
4793	0.0
4794	0.0
4795	0.0
4796	0.0
4797	0.0
4798	0.0
4799	0.0
48	1.9E-4
480	1.0E-5
4800	0.0
4801	0.0
4802	0.0
4803	0.0
4804	0.0
4805	1.0E-5
4806	2.0E-4
4807	1.0E-5
4808	1.0E-5
4809	1.0E-5
481	1.0E-5
4810	4.7E-4
4811	0.0
4812	1.0E-5
4813	0.0
4814	0.0
4815	4.0E-5
4816	0.0
4817	0.0
4818	0.0
4819	1.8E-4
482	0.0
4820	0.0
4821	0.0
4822	0.0
4823	0.0
4824	0.0
4825	0.0
4826	0.0
4827	0.0
4828	0.0
4829	0.0
483	0.0
4830	0.0
4831	0.0
4832	0.0
4833	1.0E-5
4834	1.0E-5
4835	1.0E-5
4836	1.0E-5
4837	1.0E-5
4838	0.0
4839	0.0
484	0.0
4840	0.0
4841	0.0
4842	0.0
4843	0.0
4844	0.0
4845	0.0
4846	0.0
4847	0.0
4848	6.0E-5
4849	6.0E-5
485	0.0
4850	6.0E-5
4851	4.0E-5
4852	4.0E-5
4853	4.0E-5
4854	0.0
4855	0.0
4856	0.0
4857	1.0E-5
4858	1.0E-5
4859	1.0E-5
486	0.0
4860	2.0E-5
4861	2.0E-5
4862	6.0E-5
4863	0.0
4864	0.0
4865	0.0
4866	0.0
4867	0.0
4868	0.0
4869	0.0
487	0.0
4870	0.0
4871	0.0
4872	0.0
4873	0.0
4874	0.0
4875	0.0
4876	0.0
4877	0.0
4878	0.0
4879	0.0
488	0.0
4880	0.0
4881	0.0
4882	0.0
4883	0.0
4884	0.0
4885	0.0
4886	0.0
4887	0.0
4888	0.0
4889	0.0
489	0.0
4890	0.0
4891	0.0
4892	0.0
4893	0.0
4894	0.0
4895	0.0
4896	0.0
4897	0.0
4898	0.0
4899	0.0
49	9.0E-5
490	0.0
4900	0.0
4901	0.0
4902	0.0
4903	0.0
4904	0.0
4905	0.0
4906	0.0
4907	0.0
4908	0.0
4909	0.0
491	0.0
4910	0.0
4911	0.0
4912	0.0
4913	0.0
4914	0.0
4915	0.0
4916	0.0
4917	0.0
4918	0.0
4919	0.0
492	0.0
4920	0.0
4921	0.0
4922	0.0
4923	0.0
4924	0.0
4925	0.0
4926	0.0
4927	0.0
4928	0.0
4929	0.0
493	0.0
4930	1.1E-4
4931	1.1E-4
4932	1.1E-4
4933	1.1E-4
4934	1.1E-4
4935	1.1E-4
4936	1.1E-4
4937	1.0E-5
4938	1.0E-5
4939	1.0E-5
494	0.0
4940	1.0E-5
4941	1.0E-5
4942	1.0E-5
4943	1.0E-5
4944	1.0E-5
4945	1.0E-5
4946	1.0E-5
4947	1.0E-5
4948	1.0E-5
4949	1.0E-5
495	0.0
4950	1.0E-5
4951	1.0E-5
4952	1.0E-5
4953	1.0E-5
4954	1.0E-5
4955	1.0E-5
4956	1.0E-5
4957	1.0E-5
4958	1.0E-5
4959	1.0E-5
496	0.0
4960	1.0E-5
4961	1.0E-5
4962	1.0E-5
4963	1.0E-5
4964	1.0E-5
4965	1.0E-5
4966	1.0E-5
4967	1.0E-5
4968	1.0E-5
4969	1.0E-5
497	0.0
4970	1.0E-5
4971	1.0E-5
4972	0.0
4973	0.0
4974	0.0
4975	0.0
4976	0.0
4977	0.0
4978	0.0
4979	0.0
498	0.0
4980	0.0
4981	0.0
4982	0.0
4983	0.0
4984	0.0
4985	0.0
4986	0.0
4987	0.0
4988	0.0
4989	0.0
499	0.0
4990	0.0
4991	0.0
4992	0.0
4993	0.0
4994	0.0
4995	0.0
4996	0.0
4997	0.0
4998	0.0
4999	0.0
5	0.0
50	9.0E-5
500	2.0E-5
5000	0.0
5001	0.0
5002	0.0
5003	0.0
5004	0.0
5005	0.0
5006	0.0
5007	0.0
5008	1.2E-4
5009	1.2E-4
501	2.0E-5
5010	1.2E-4
5011	1.2E-4
5012	1.2E-4
5013	0.0
5014	0.0
5015	0.0
5016	0.0
5017	0.0
5018	0.0
5019	0.0
502	2.0E-5
5020	0.0
5021	0.0
5022	0.0
5023	0.0
5024	0.0
5025	0.0
5026	0.0
5027	0.0
5028	0.0
5029	0.0
503	1.0E-5
5030	0.0
5031	0.0
5032	0.0
5033	0.0
5034	0.0
5035	8.0E-5
5036	0.0
5037	0.0
5038	0.0
5039	0.0
504	1.0E-5
5040	0.0
5041	0.0
5042	0.0
5043	0.0
5044	0.0
5045	0.0
5046	0.0
5047	0.0
5048	0.0
5049	0.0
505	2.0E-5
5050	0.0
5051	7.5E-4
5052	3.9E-4
5053	1.8E-4
5054	1.0E-4
5055	8.0E-5
5056	8.0E-5
5057	8.0E-5
5058	8.0E-5
5059	8.0E-5
506	1.0E-5
5060	8.0E-5
5061	8.0E-5
5062	8.0E-5
5063	1.1E-4
5064	2.3E-4
5065	5.8E-4
5066	0.0
5067	0.0
5068	0.0
5069	0.0
507	1.0E-5
5070	0.0
5071	0.0
5072	0.00145
5073	0.00101
5074	4.3E-4
5075	1.5E-4
5076	6.0E-5
5077	3.0E-5
5078	3.0E-5
5079	3.0E-5
508	1.0E-5
5080	3.0E-5
5081	3.0E-5
5082	3.0E-5
5083	3.0E-5
5084	3.0E-5
5085	3.0E-5
5086	3.0E-5
5087	3.0E-5
5088	3.0E-5
5089	3.0E-5
509	1.0E-5
5090	3.0E-5
5091	3.0E-5
5092	3.0E-5
5093	3.0E-5
5094	3.0E-5
5095	3.0E-5
5096	3.0E-5
5097	3.0E-5
5098	3.0E-5
5099	3.0E-5
51	0.0
510	1.0E-5
5100	3.0E-5
5101	3.0E-5
5102	3.0E-5
5103	3.0E-5
5104	3.0E-5
5105	3.0E-5
5106	3.0E-5
5107	3.0E-5
5108	5.0E-5
5109	1.1E-4
511	1.0E-5
5110	2.6E-4
5111	4.2E-4
5112	0.00109
5113	7.7E-4
5114	3.3E-4
5115	1.2E-4
5116	5.0E-5
5117	3.0E-5
5118	3.0E-5
5119	3.0E-5
512	1.0E-5
5120	3.0E-5
5121	3.0E-5
5122	3.0E-5
5123	3.0E-5
5124	3.0E-5
5125	3.0E-5
5126	3.0E-5
5127	3.0E-5
5128	3.0E-5
5129	3.0E-5
513	1.0E-5
5130	3.0E-5
5131	3.0E-5
5132	3.0E-5
5133	3.0E-5
5134	3.0E-5
5135	3.0E-5
5136	3.0E-5
5137	3.0E-5
5138	3.0E-5
5139	4.0E-5
514	1.0E-5
5140	8.0E-5
5141	2.0E-4
5142	3.2E-4
5143	3.3E-4
5144	2.5E-4
5145	1.2E-4
5146	5.0E-5
5147	3.0E-5
5148	3.0E-5
5149	3.0E-5
515	1.0E-5
5150	4.0E-5
5151	8.0E-5
5152	1.1E-4
5153	7.4E-4
5154	5.3E-4
5155	2.3E-4
5156	8.0E-5
5157	4.0E-5
5158	3.0E-5
5159	3.0E-5
516	1.0E-5
5160	3.0E-5
5161	3.0E-5
5162	3.0E-5
5163	3.0E-5
5164	3.0E-5
5165	3.0E-5
5166	3.0E-5
5167	3.0E-5
5168	3.0E-5
5169	3.0E-5
517	1.0E-5
5170	3.0E-5
5171	4.0E-5
5172	6.0E-5
5173	1.4E-4
5174	2.2E-4
5175	0.00121
5176	8.5E-4
5177	3.6E-4
5178	1.2E-4
5179	5.0E-5
518	1.0E-5
5180	3.0E-5
5181	3.0E-5
5182	3.0E-5
5183	3.0E-5
5184	3.0E-5
5185	3.0E-5
5186	3.0E-5
5187	3.0E-5
5188	3.0E-5
5189	3.0E-5
519	1.0E-5
5190	3.0E-5
5191	3.0E-5
5192	3.0E-5
5193	3.0E-5
5194	3.0E-5
5195	3.0E-5
5196	3.0E-5
5197	3.0E-5
5198	3.0E-5
5199	3.0E-5
52	0.00134
520	1.0E-5
5200	3.0E-5
5201	3.0E-5
5202	3.0E-5
5203	3.0E-5
5204	3.0E-5
5205	4.0E-5
5206	9.0E-5
5207	2.3E-4
5208	3.6E-4
5209	5.9E-4
521	1.0E-5
5210	4.3E-4
5211	1.9E-4
5212	7.0E-5
5213	4.0E-5
5214	3.0E-5
5215	3.0E-5
5216	3.0E-5
5217	3.0E-5
5218	3.0E-5
5219	3.0E-5
522	1.0E-5
5220	3.0E-5
5221	3.0E-5
5222	4.0E-5
5223	6.0E-5
5224	1.2E-4
5225	1.8E-4
5226	9.7E-4
5227	6.8E-4
5228	2.9E-4
5229	1.0E-4
523	2.0E-5
5230	4.0E-5
5231	3.0E-5
5232	3.0E-5
5233	3.0E-5
5234	3.0E-5
5235	3.0E-5
5236	3.0E-5
5237	3.0E-5
5238	3.0E-5
5239	3.0E-5
524	1.0E-5
5240	3.0E-5
5241	3.0E-5
5242	3.0E-5
5243	3.0E-5
5244	3.0E-5
5245	3.0E-5
5246	3.0E-5
5247	3.0E-5
5248	3.0E-5
5249	3.0E-5
525	1.0E-5
5250	4.0E-5
5251	8.0E-5
5252	1.9E-4
5253	2.9E-4
5254	0.00195
5255	0.00135
5256	5.7E-4
5257	1.9E-4
5258	7.0E-5
5259	4.0E-5
526	3.1E-4
5260	3.0E-5
5261	3.0E-5
5262	3.0E-5
5263	3.0E-5
5264	3.0E-5
5265	3.0E-5
5266	3.0E-5
5267	3.0E-5
5268	3.0E-5
5269	3.0E-5
527	1.0E-5
5270	3.0E-5
5271	3.0E-5
5272	3.0E-5
5273	3.0E-5
5274	3.0E-5
5275	3.0E-5
5276	3.0E-5
5277	3.0E-5
5278	3.0E-5
5279	3.0E-5
528	1.0E-5
5280	3.0E-5
5281	3.0E-5
5282	3.0E-5
5283	3.0E-5
5284	3.0E-5
5285	3.0E-5
5286	3.0E-5
5287	3.0E-5
5288	3.0E-5
5289	3.0E-5
529	1.0E-5
5290	3.0E-5
5291	3.0E-5
5292	3.0E-5
5293	3.0E-5
5294	3.0E-5
5295	3.0E-5
5296	3.0E-5
5297	3.0E-5
5298	3.0E-5
5299	3.0E-5
53	5.0E-5
530	1.0E-5
5300	3.0E-5
5301	3.0E-5
5302	3.0E-5
5303	6.0E-5
5304	1.4E-4
5305	3.5E-4
5306	5.7E-4
5307	8.7E-4
5308	6.1E-4
5309	2.6E-4
531	0.0
5310	9.0E-5
5311	4.0E-5
5312	3.0E-5
5313	3.0E-5
5314	3.0E-5
5315	3.0E-5
5316	3.0E-5
5317	3.0E-5
5318	3.0E-5
5319	3.0E-5
532	0.0
5320	3.0E-5
5321	3.0E-5
5322	3.0E-5
5323	3.0E-5
5324	3.0E-5
5325	3.0E-5
5326	3.0E-5
5327	3.0E-5
5328	4.0E-5
5329	7.0E-5
533	0.0
5330	1.7E-4
5331	2.6E-4
5332	5.2E-4
5333	3.8E-4
5334	1.7E-4
5335	7.0E-5
5336	4.0E-5
5337	3.0E-5
5338	3.0E-5
5339	3.0E-5
534	0.0
5340	3.0E-5
5341	3.0E-5
5342	3.0E-5
5343	3.0E-5
5344	5.0E-5
5345	1.1E-4
5346	1.6E-4
5347	5.4E-4
5348	3.9E-4
5349	1.8E-4
535	0.0
5350	7.0E-5
5351	4.0E-5
5352	3.0E-5
5353	3.0E-5
5354	3.0E-5
5355	3.0E-5
5356	3.0E-5
5357	3.0E-5
5358	3.0E-5
5359	5.0E-5
536	2.5E-4
5360	1.1E-4
5361	1.7E-4
5362	0.0
5363	0.0
5364	0.0
5365	0.0
5366	0.0
5367	0.0
5368	0.0
5369	0.0
537	2.5E-4
5370	0.0
5371	0.0
5372	0.0
5373	0.0
5374	0.0
5375	0.0
5376	0.0
5377	0.0
5378	0.0
5379	0.0
538	2.5E-4
5380	0.0
5381	0.0
5382	0.0
5383	0.0
5384	0.0
5385	0.0
5386	0.0
5387	0.0
5388	0.0
5389	0.0
539	2.5E-4
5390	0.0
5391	0.0
5392	0.0
5393	0.0
5394	0.0
5395	0.0
5396	0.0
5397	7.5E-4
5398	3.9E-4
5399	1.8E-4
54	5.0E-5
540	2.5E-4
5400	1.0E-4
5401	8.0E-5
5402	8.0E-5
5403	8.0E-5
5404	8.0E-5
5405	8.0E-5
5406	8.0E-5
5407	8.0E-5
5408	8.0E-5
5409	1.1E-4
541	2.5E-4
5410	2.3E-4
5411	5.8E-4
5412	0.0
5413	0.0
5414	0.0
5415	0.0
5416	0.0
5417	0.0
5418	1.0E-5
5419	1.0E-5
542	2.5E-4
5420	1.0E-5
5421	0.0
5422	1.0E-5
5423	1.0E-5
5424	0.0
5425	0.0
5426	0.0
5427	0.0
5428	0.0
5429	0.0
543	2.5E-4
5430	0.0
5431	0.0
5432	0.0
5433	0.0
5434	0.0
5435	0.0
5436	0.0
5437	0.0
5438	0.0
5439	0.0
544	2.5E-4
5440	0.0
5441	0.0
5442	0.0
5443	0.0
5444	0.0
5445	0.0
5446	0.0
5447	1.0E-5
5448	1.0E-5
5449	2.0E-4
545	2.5E-4
5450	2.0E-4
5451	2.0E-4
5452	2.0E-4
5453	2.3E-4
5454	2.1E-4
5455	1.8E-4
5456	7.2E-4
5457	1.2E-4
5458	1.2E-4
5459	0.0
546	2.5E-4
5460	0.0
5461	0.0
5462	0.0
5463	0.0
5464	0.0
5465	0.0
5466	0.0
5467	0.0
5468	2.4E-4
5469	0.0
547	1.0E-5
5470	1.8E-4
5471	0.0
5472	0.0
5473	0.0
5474	0.0
5475	0.0
5476	0.0
5477	0.0
5478	0.0
5479	0.0
548	1.0E-5
5480	0.0
5481	0.0
5482	0.0
5483	1.0E-5
5484	0.0
5485	0.0
5486	0.0
5487	0.0
5488	0.0
5489	0.0
549	0.0
5490	0.0
5491	0.0
5492	0.0
5493	0.0
5494	0.0
5495	0.0
5496	0.0
5497	0.0
5498	0.0
5499	0.0
55	5.0E-5
550	2.0E-5
5500	0.0
5501	0.0
5502	0.0
5503	1.0E-5
5504	1.0E-5
5505	1.0E-5
5506	1.0E-5
5507	1.0E-5
5508	1.0E-5
5509	0.0
551	2.0E-5
5510	0.0
5511	0.0
5512	0.0
5513	0.0
5514	0.0
5515	0.0
5516	0.0
5517	0.0
5518	0.0
5519	0.0
552	2.0E-5
5520	0.0
5521	0.0
5522	0.0
5523	5.4E-4
5524	3.9E-4
5525	1.8E-4
5526	7.0E-5
5527	4.0E-5
5528	3.0E-5
5529	3.0E-5
553	2.0E-5
5530	3.0E-5
5531	3.0E-5
5532	3.0E-5
5533	3.0E-5
5534	3.0E-5
5535	5.0E-5
5536	1.1E-4
5537	1.7E-4
5538	0.0
5539	0.0
554	2.0E-5
5540	0.0
5541	0.0
5542	0.0
5543	0.0
5544	0.0
5545	0.0
5546	0.0
5547	0.0
5548	0.0
5549	0.0
555	2.0E-5
5550	0.0
5551	0.0
5552	0.0
5553	0.0
5554	0.0
5555	0.0
5556	0.0
5557	0.0
5558	0.0
5559	0.0
556	2.0E-5
5560	0.0
5561	0.0
5562	0.0
5563	0.0
5564	0.0
5565	0.0
5566	0.0
5567	0.0
5568	0.0
5569	0.0
557	4.0E-5
5570	0.0
5571	0.0
5572	0.0
5573	0.0
5574	0.0
5575	0.0
5576	0.0
5577	0.0
5578	0.0
5579	0.0
558	1.0E-5
5580	0.0
5581	0.0
5582	0.0
5583	0.0
5584	0.0
5585	0.0
5586	0.0
5587	0.0
5588	0.0
5589	0.0
559	1.0E-5
5590	0.0
5591	0.0
5592	0.0
5593	0.0
5594	0.0
5595	0.0
5596	0.0
5597	0.0
5598	0.0
5599	0.0
56	5.0E-5
560	1.0E-5
5600	0.0
5601	0.0
5602	0.0
5603	0.0
5604	0.0
5605	0.0
5606	0.0
5607	0.0
5608	0.0
5609	0.0
561	1.0E-5
5610	0.0
5611	0.0
5612	0.0
5613	0.0
5614	0.0
5615	0.0
5616	0.0
5617	0.0
5618	0.0
5619	0.0
562	1.0E-5
5620	0.0
5621	0.0
5622	0.0
5623	0.0
5624	0.0
5625	0.0
5626	0.0
5627	0.0
5628	0.0
5629	0.0
563	1.0E-5
5630	0.0
5631	0.0
5632	0.0
5633	0.0
5634	0.0
5635	0.0
5636	0.0
5637	0.0
5638	0.0
5639	0.0
564	1.0E-5
5640	0.0
5641	0.0
5642	0.0
5643	0.0
5644	0.0
5645	0.0
5646	0.0
5647	0.0
5648	0.0
5649	0.0
565	1.0E-5
5650	0.0
5651	0.0
5652	0.0
5653	0.0
5654	0.0
5655	0.0
5656	0.0
5657	0.0
5658	0.0
5659	0.0
566	0.0
5660	0.0
5661	0.0
5662	0.0
5663	0.0
5664	0.0
5665	0.0
5666	0.0
5667	0.0
5668	0.0
5669	0.0
567	0.0
5670	0.0
5671	0.0
5672	0.0
5673	0.0
5674	0.0
5675	0.0
5676	0.0
5677	0.0
5678	0.0
5679	0.0
568	0.0
5680	0.0
5681	0.0
5682	0.0
5683	0.0
5684	0.0
5685	0.0
5686	0.0
5687	0.0
5688	0.0
5689	0.0
569	0.0
5690	0.0
5691	0.0
5692	0.0
5693	0.0
5694	0.0
5695	0.0
5696	0.0
5697	0.0
5698	0.0
5699	0.0
57	5.0E-5
570	0.0
5700	0.0
5701	0.0
5702	0.0
5703	0.0
5704	0.0
5705	0.0
5706	0.0
5707	0.0
5708	0.0
5709	0.0
571	0.0
5710	0.0
5711	0.0
5712	0.0
5713	0.0
5714	0.0
5715	0.0
5716	0.0
5717	0.0
5718	0.0
5719	0.0
572	0.0
5720	0.0
5721	0.0
5722	0.0
5723	0.0
5724	0.0
5725	0.0
5726	0.0
5727	0.0
5728	0.0
5729	0.0
573	0.0
5730	0.0
5731	0.0
5732	0.0
5733	0.0
5734	0.0
5735	0.0
5736	0.0
5737	0.0
5738	0.0
5739	0.0
574	0.0
5740	0.0
5741	0.0
5742	0.0
5743	0.0
5744	0.0
5745	0.0
5746	0.0
5747	0.0
5748	0.0
5749	0.0
575	0.0
5750	0.0
5751	0.0
5752	0.0
5753	0.0
5754	0.0
5755	0.0
5756	0.0
5757	0.0
5758	0.0
5759	0.0
576	0.0
5760	0.0
5761	0.0
5762	0.0
5763	0.0
5764	0.0
5765	0.0
5766	0.0
5767	0.0
5768	0.0
5769	0.0
577	0.0
5770	0.0
5771	0.0
5772	0.0
5773	0.0
5774	0.0
5775	0.0
5776	0.0
5777	0.0
5778	0.0
5779	0.0
578	1.4E-4
5780	0.0
5781	0.0
5782	0.0
5783	0.0
5784	0.0
5785	5.4E-4
5786	3.9E-4
5787	1.8E-4
5788	7.0E-5
5789	4.0E-5
579	2.0E-5
5790	3.0E-5
5791	3.0E-5
5792	3.0E-5
5793	3.0E-5
5794	3.0E-5
5795	3.0E-5
5796	3.0E-5
5797	5.0E-5
5798	1.1E-4
5799	1.7E-4
58	5.0E-5
580	2.0E-5
5800	0.0
5801	0.0
5802	0.0
5803	0.0
5804	0.0
5805	0.0
5806	0.0
5807	0.0
5808	0.0
5809	0.0
581	2.0E-5
5810	0.0
5811	0.0
5812	0.0
5813	0.0
5814	0.0
5815	0.0
5816	0.0
5817	0.0
5818	0.0
5819	0.0
582	0.0
5820	1.2E-4
5821	1.2E-4
5822	2.0E-5
5823	2.0E-4
5824	3.0E-5
5825	1.3E-4
5826	1.0E-4
5827	1.0E-4
5828	1.5E-4
5829	1.0E-4
583	0.0
5830	1.0E-4
5831	1.0E-4
5832	1.2E-4
5833	1.2E-4
5834	0.0
5835	4.0E-5
5836	4.0E-5
5837	4.0E-5
5838	4.0E-5
5839	4.0E-5
584	0.0
5840	4.0E-5
5841	4.0E-5
5842	1.0E-5
5843	1.0E-5
5844	0.0
5845	0.0
5846	0.0
5847	0.0
5848	0.0
5849	0.0
585	0.0
5850	0.0
5851	0.0
5852	0.0
5853	0.0
5854	0.0
5855	0.0
5856	0.0
5857	0.0
5858	0.0
5859	0.0
586	0.0
5860	0.0
5861	0.0
5862	0.0
5863	0.0
5864	0.0
5865	0.0
5866	0.0
5867	0.0
5868	0.0
5869	0.0
587	0.0
5870	0.0
5871	0.0
5872	0.0
5873	0.0
5874	0.0
5875	0.0
5876	0.0
5877	1.7E-4
5878	0.0
5879	0.0
588	0.0
5880	0.0
5881	0.0
5882	0.0
5883	0.0
5884	0.0
5885	0.0
5886	0.0
5887	0.0
5888	0.0
5889	0.0
589	0.0
5890	0.0
5891	0.0
5892	0.0
5893	0.0
5894	0.0
5895	0.0
5896	0.0
5897	0.0
5898	0.0
5899	0.0
59	5.0E-5
590	0.0
5900	0.0
5901	0.0
5902	0.0
5903	0.0
5904	0.0
5905	0.0
5906	0.0
5907	0.0
5908	0.0
5909	0.0
591	0.0
5910	0.0
5911	0.0
5912	0.0
5913	0.0
5914	0.0
5915	0.0
5916	0.0
5917	0.0
5918	0.0
5919	0.0
592	0.0
5920	0.0
5921	0.0
5922	2.0E-5
5923	2.0E-5
5924	2.0E-5
5925	2.0E-5
5926	2.0E-5
5927	2.0E-5
5928	2.0E-5
5929	2.0E-5
593	5.2E-4
5930	1.8E-4
5931	1.8E-4
5932	1.8E-4
5933	1.8E-4
5934	1.8E-4
5935	1.8E-4
5936	2.0E-5
5937	2.0E-5
5938	7.0E-5
5939	0.0
594	0.0
5940	0.0
5941	0.0
5942	0.0
5943	0.0
5944	0.0
5945	0.0
5946	0.0
5947	0.0
5948	0.0
5949	0.0
595	0.0
5950	0.0
5951	0.0
5952	0.0
5953	0.0
5954	0.0
5955	3.0E-5
5956	1.7E-4
5957	0.0
5958	0.0
5959	0.0
596	0.0
5960	0.0
5961	0.0
5962	0.0
5963	0.0
5964	0.0
5965	0.0
5966	0.0
5967	0.0
5968	0.0
5969	0.0
597	0.0
5970	0.0
5971	0.0
5972	0.0
5973	0.0
5974	0.0
5975	0.0
5976	1.0E-5
5977	1.0E-5
5978	0.0
5979	0.0
598	0.0
5980	0.0
5981	0.0
5982	0.0
5983	0.0
5984	0.0
5985	0.0
5986	0.0
5987	0.0
5988	0.0
5989	0.0
599	0.0
5990	0.0
5991	0.0
5992	0.0
5993	0.0
5994	0.0
5995	0.0
5996	0.0
5997	0.0
5998	0.0
5999	0.0
6	0.0
60	5.0E-5
600	0.0
6000	0.0
6001	0.0
6002	0.0
6003	0.0
6004	3.0E-5
6005	3.0E-5
6006	0.0
6007	0.0
6008	0.0
6009	0.0
601	0.0
6010	0.0
6011	0.0
6012	1.0E-5
602	0.0
603	0.0
604	0.0
605	0.0
606	0.0
607	0.0
608	0.0
609	0.0
61	0.00141
610	0.0
611	1.0E-5
612	1.0E-5
613	0.0
614	2.0E-5
615	0.0
616	0.0
617	0.0
618	0.0
619	0.0
62	1.0E-5
620	1.0E-5
621	1.0E-5
622	0.0
623	0.0
624	0.0
625	1.0E-5
626	1.0E-5
627	1.0E-5
628	0.0
629	0.0
63	5.0E-5
630	0.0
631	0.0
632	0.0
633	0.0
634	0.0
635	0.0
636	0.0
637	0.0
638	0.0
639	0.0
64	4.0E-5
640	0.0
641	0.0
642	0.0
643	0.0
644	0.0
645	0.0
646	0.0
647	0.0
648	1.0E-5
649	1.0E-5
65	4.0E-5
650	1.0E-5
651	1.0E-5
652	1.0E-5
653	1.0E-5
654	1.0E-5
655	1.0E-5
656	1.0E-5
657	1.0E-5
658	0.0
659	0.0
66	4.0E-5
660	0.0
661	0.0
662	0.0
663	0.0
664	0.0
665	0.0
666	0.0
667	0.0
668	0.0
669	0.0
67	4.0E-5
670	0.0
671	0.0
672	0.0
673	0.0
674	0.0
675	0.0
676	0.0
677	0.0
678	0.0
679	0.0
68	5.0E-5
680	0.0
681	0.0
682	0.0
683	0.0
684	0.0
685	0.0
686	0.0
687	1.0E-5
688	1.0E-5
689	1.0E-5
69	5.0E-5
690	0.0
691	0.0
692	0.0
693	0.0
694	0.0
695	0.0
696	0.0
697	0.0
698	0.0
699	0.0
7	1.0E-5
70	4.0E-5
700	0.0
701	0.0
702	0.0
703	0.0
704	0.0
705	0.0
706	0.0
707	0.0
708	0.0
709	0.0
71	6.0E-5
710	0.0
711	0.0
712	0.0
713	0.0
714	0.0
715	0.0
716	0.0
717	0.0
718	0.0
719	0.0
72	6.0E-5
720	0.0
721	0.0
722	0.0
723	0.0
724	0.0
725	0.0
726	0.0
727	0.0
728	0.0
729	0.0
73	5.6E-4
730	0.0
731	0.0
732	0.0
733	0.0
734	0.0
735	0.0
736	0.0
737	0.0
738	0.0
739	0.0
74	1.9E-4
740	0.0
741	0.0
742	0.0
743	0.0
744	0.0
745	0.0
746	0.0
747	0.0
748	0.0
749	0.0
75	1.0E-4
750	0.0
751	1.0E-5
752	0.0
753	0.0
754	0.0
755	0.0
756	0.0
757	0.0
758	0.0
759	0.0
76	1.1E-4
760	0.0
761	0.0
762	0.0
763	0.0
764	0.0
765	0.0
766	0.0
767	0.0
768	0.0
769	0.0
77	3.0E-5
770	0.0
771	0.0
772	0.0
773	0.0
774	0.0
775	0.0
776	0.0
777	0.0
778	0.0
779	0.0
78	1.2E-4
780	0.0
781	0.0
782	0.0
783	0.0
784	0.0
785	0.0
786	0.0
787	0.0
788	0.0
789	0.0
79	8.0E-5
790	0.0
791	0.0
792	0.0
793	0.0
794	0.0
795	0.0
796	0.0
797	0.0
798	0.0
799	0.0
8	0.0
80	4.6E-4
800	0.0
801	0.0
802	1.0E-5
803	1.0E-5
804	0.0
805	0.0
806	0.0
807	0.0
808	1.0E-5
809	1.0E-5
81	6.6E-4
810	1.0E-5
811	1.0E-5
812	1.0E-5
813	1.0E-5
814	1.0E-5
815	1.0E-5
816	1.0E-5
817	1.0E-5
818	1.0E-5
819	1.0E-5
82	2.7E-4
820	1.0E-5
821	1.0E-5
822	3.9E-4
823	8.0E-5
824	1.0E-5
825	1.0E-5
826	1.0E-5
827	1.0E-5
828	5.4E-4
829	0.0
83	2.0E-4
830	0.0
831	0.0
832	0.0
833	0.0
834	0.0
835	0.0
836	0.0
837	1.0E-5
838	1.0E-5
839	1.0E-5
84	2.4E-4
840	1.0E-5
841	1.0E-5
842	1.0E-5
843	1.0E-5
844	1.0E-5
845	1.0E-5
846	1.0E-5
847	1.0E-5
848	1.0E-5
849	1.0E-5
85	1.0E-5
850	1.0E-5
851	1.0E-5
852	1.0E-5
853	1.0E-5
854	1.0E-5
855	1.0E-5
856	1.0E-5
857	1.0E-5
858	1.0E-5
859	1.0E-5
86	1.0E-5
860	1.0E-5
861	1.0E-5
862	1.0E-5
863	1.0E-5
864	1.0E-5
865	1.0E-5
866	1.0E-5
867	1.0E-5
868	1.0E-5
869	0.0
87	1.0E-5
870	0.0
871	0.0
872	0.0
873	0.0
874	0.0
875	0.0
876	0.0
877	0.0
878	0.0
879	0.0
88	1.0E-5
880	0.0
881	0.0
882	0.0
883	0.0
884	0.0
885	0.0
886	0.0
887	0.0
888	0.0
889	0.0
89	1.0E-5
890	0.0
891	0.0
892	4.0E-5
893	6.0E-5
894	4.0E-5
895	4.0E-5
896	0.0
897	0.0
898	0.0
899	0.0
9	0.0
90	1.0E-5
900	0.0
901	0.0
902	0.0
903	0.0
904	0.0
905	0.0
906	0.0
907	0.0
908	0.0
909	0.0
91	1.0E-5
910	0.0
911	0.0
912	0.0
913	0.0
914	0.0
915	0.0
916	0.0
917	0.0
918	0.0
919	0.0
92	1.0E-5
920	0.0
921	0.0
922	0.0
923	0.0
924	0.0
925	0.0
926	0.0
927	0.0
928	0.0
929	0.0
93	1.0E-5
930	0.0
931	0.0
932	0.0
933	0.0
934	0.0
935	0.0
936	0.0
937	0.0
938	0.0
939	0.0
94	0.0
940	0.0
941	0.0
942	0.0
943	1.0E-5
944	1.0E-5
945	0.0
946	0.0
947	0.0
948	0.0
949	0.0
95	0.0
950	0.0
951	0.0
952	0.0
953	0.0
954	0.0
955	0.0
956	0.0
957	0.0
958	0.0
959	0.0
96	0.0
960	0.0
961	0.0
962	0.0
963	0.0
964	0.0
965	0.0
966	0.0
967	0.0
968	0.0
969	0.0
97	0.0
970	1.0E-5
971	0.0
972	1.0E-5
973	1.0E-5
974	1.0E-5
975	1.0E-5
976	1.0E-5
977	1.0E-5
978	1.0E-5
979	1.0E-5
98	0.0
980	0.0
981	1.0E-5
982	0.0
983	0.0
984	0.0
985	0.0
986	0.0
987	0.0
988	0.0
989	0.0
99	0.0
990	0.0
991	1.0E-5
992	0.0
993	6.0E-5
994	0.0
995	9.0E-5
996	0.0
997	0.0
998	0.0
999	0.0
